1000
1325 4456 232 2482
5471 1311 9264 1161
1772 7236 5373 4211
2096 8443 6950 6154
5532 6912 669 1511
4870 3747 6981 9864
3159 9851 4122 1211
2676 3547 5660 193
7053 4001 9082 5892
3635 2523 6391 9424
8996 5407 9760 1763
9299 1092 4928 7788
6540 4831 9083 5598
7275 1409 9657 6063
5050 1512 2339 3778
3890 7726 6138 7999
4642 942 2805 5219
2038 8277 3465 9196
2090 1033 4762 4303
6367 2468 3204 9691
9429 2906 8378 2286
3969 6703 5394 9113
5731 9019 9294 7733
649 699 6745 5431
903 6370 1641 628
1567 2941 5726 6186
1256 4737 3974 487
543 8702 7205 8258
5773 9972 2686 6661
6892 9742 7753 8081
3555 3702 8760 8125
7212 5283 4401 6583
3307 8115 2732 6043
23 4874 2134 8458
5444 1280 9611 7187
5633 5988 1060 7894
2906 1405 7038 3747
3994 9798 2225 5870
8647 8629 4578 985
5022 6937 3911 8980
6179 9408 6130 7722
5451 6203 4281 8264
3943 894 8562 4971
4447 9577 7961 9622
3026 7353 2060 6078
6350 7020 8230 4286
1786 4996 6727 2807
9439 7887 1933 1717
7406 5618 8373 8063
8704 2856 2899 2654
1081 3725 4829 1460
1025 6608 4380 3869
726 4051 3960 6441
7155 8155 2149 3268
1672 19 3150 8877
4225 1110 8986 6162
1090 2709 7807 7358
2165 872 6644 705
6420 4326 4598 1472
6497 7445 933 8978
319 8302 1495 5972
3600 7474 6456 3645
6847 5272 8572 9607
5994 1071 7461 7557
5973 7084 4859 5268
4054 9218 7957 1502
2610 473 3543 3633
1526 186 7919 4476
5216 1845 8488 492
6708 9895 397 6023
7605 3554 5166 8970
8974 3598 5705 3706
2066 6025 1761 563
3350 6120 5242 9718
4339 7039 6593 8785
7162 6945 8304 5590
3893 2377 8790 7871
314 1679 3351 266
3301 8998 5233 9596
2580 2274 2596 937
5153 4646 9379 5436
4484 9582 1844 4620
6185 9902 7699 9516
4952 3346 6846 6003
6981 8845 6802 6715
9749 7295 523 152
7773 3049 6292 6835
5402 1431 6403 9967
1479 1633 6077 6860
8515 7042 2293 9000
8153 4699 6944 1071
1582 3104 9124 3789
6078 8563 1948 5926
384 6905 6936 3550
4273 9236 1033 4307
5374 754 666 8515
6821 6853 3466 7822
7910 6415 4974 6839
6785 6062 1113 1917
7242 8368 244 237
6821 4398 8009 3271
9252 8284 1303 4945
850 4603 7520 2336
7087 6224 6436 9265
7820 4986 4155 981
2124 6808 1400 9129
3830 8910 3948 2514
8542 1071 8356 4192
2387 5362 5469 6364
186 2717 3645 7851
1508 2115 7321 2243
6895 9674 9418 4835
3780 5793 4659 4652
9653 6984 2600 6060
2897 3482 6972 7627
2769 1438 5632 5327
30 5157 7879 1100
4846 1295 7874 2603
1108 7433 3411 6273
8559 8003 7106 3907
8904 3418 3796 1765
6181 8556 401 7475
3778 9078 2037 7373
9848 6547 1595 8748
2076 956 1703 9474
6929 8002 2252 656
648 9116 5434 5663
6463 9208 8198 3619
546 5366 2625 3072
1477 7806 3921 3026
5784 5255 7963 7037
109 6710 1801 9558
5240 3265 7667 4584
7739 2168 1266 997
1397 8387 1284 7779
2553 7860 7594 9482
4323 4178 4304 1297
7419 5800 3063 9304
1661 3202 2133 1025
8519 1770 991 3935
733 3758 5035 9737
5159 8472 7005 7380
8849 7635 7937 8289
6828 2480 6574 5531
1260 2230 7738 877
1825 8679 9109 800
5177 3486 2960 1242
4766 4774 6335 5030
9829 6578 8532 1370
4904 4987 6128 5536
673 3752 3701 4064
2230 8581 7312 274
6928 3490 810 6128
2239 9832 3248 997
2316 8495 4396 7287
3179 8161 3268 730
8415 4087 4738 1799
7087 3318 152 1944
5206 7761 8149 3853
2666 7437 7420 6539
9227 672 2005 8230
3618 2545 503 6332
7788 5934 1039 5978
7186 2045 4094 4308
2933 5600 6132 9911
137 20 9997 6285
5763 6423 8860 9225
5587 8430 4938 6279
4354 5892 9102 6943
6662 7972 8437 684
4863 4449 4985 9477
68 2048 6495 157
9990 4080 7649 3705
7948 1206 5179 8724
1395 3711 7629 4038
587 8061 3219 2566
4083 4941 5032 2320
4023 745 3992 3468
9134 9965 6273 8977
7552 280 2013 3846
9464 7541 5440 740
5736 7412 9826 618
1098 8210 1122 7454
7740 2765 6271 4341
5849 2902 7706 1302
1752 951 3647 2776
4845 1965 915 998
3668 2396 3324 2928
9383 4211 1015 8764
9374 6197 1622 841
9243 1551 4406 3823
3057 8061 4316 676
5877 9986 962 3100
6687 8708 936 5688
5859 2610 1751 1851
4918 605 5006 5076
9020 4300 4816 7100
1339 9473 1575 7517
7737 581 1023 5982
8439 794 8643 5339
6372 5394 779 683
5724 3058 4102 2794
2007 1582 5668 6932
9931 6926 2188 1752
5600 8951 2304 8083
9862 6939 9502 3880
6942 7598 8600 524
82 6459 9471 8321
5201 6454 1853 1328
3965 925 590 7034
167 7052 2507 7337
4936 98 3977 5774
1239 535 127 7360
1231 2179 8553 9629
7630 8173 856 8231
2734 7713 5710 326
5675 7935 4166 7563
3172 719 8860 5836
9299 3340 7771 2446
185 4234 4517 2826
5351 1425 4769 4644
3710 6582 3604 4401
5866 1340 5833 5539
184 9679 9053 1542
132 6938 7613 4297
9998 3305 7657 6473
8253 9296 7724 5427
7963 9518 3530 2240
4857 3313 942 9378
1164 8568 973 5625
505 8109 9908 7885
4335 689 7787 38
2950 5547 7628 5399
1790 2947 9931 6363
9894 1121 3322 7654
6229 7856 638 6852
9364 1086 2247 2659
2183 1606 732 4299
677 2688 793 639
5057 6091 4457 8580
8447 9087 1637 2084
299 1315 3112 2646
4364 1271 3516 6434
7893 593 205 5233
6751 8335 2758 2452
5208 12 1019 4569
391 6964 2701 1812
320 6527 4133 7158
9496 9846 6692 6850
6238 9796 2240 9805
988 602 2145 5756
5882 9960 2274 2351
679 3712 9373 6111
2203 6966 3724 391
4661 3673 5008 6425
5990 4981 1279 9141
7775 6565 5906 7971
4980 5092 6360 8146
1934 7047 6773 9584
7315 8896 8086 125
8929 9073 2607 7458
3835 1131 6038 6331
1264 8496 5884 2124
5133 8334 4556 7163
9686 3987 4898 1540
1919 4665 157 2336
8134 4933 1711 6930
8334 5448 3828 875
3844 7262 5599 6435
4839 7679 9472 2715
3596 6103 6175 5355
3349 9809 5515 1809
2748 4113 3795 412
1960 5747 9857 3952
3522 93 679 1567
3099 1855 6620 5586
4933 6943 195 2218
6101 850 4622 9667
3684 9697 6953 1875
3959 8112 9505 3547
8330 7787 2224 3299
4726 289 4612 2080
1955 8248 1461 6370
1377 5054 1181 8081
1043 7389 1996 1376
9572 7144 8239 6618
9818 4334 7919 6271
1801 4855 2445 7424
8907 131 3720 5748
4701 3633 1499 8332
2120 6656 2959 2961
6596 4577 2788 5220
2481 8718 1965 5864
8633 3132 6940 1283
2282 9529 7466 4859
6738 4083 4383 990
6435 5645 5293 8104
832 2215 356 6793
9614 2952 8871 4394
8602 7289 8608 2738
2935 2161 6006 573
7805 1567 5293 2946
4828 1165 1095 3838
4660 1565 6327 6557
8413 2174 8289 1620
5197 9245 4389 9724
7076 5889 3275 4338
3535 6756 3177 1883
3208 6470 8918 9184
9127 2091 9116 5289
7846 3954 3256 1289
2281 3585 6599 661
5690 1772 5759 4887
5564 886 1016 1226
8333 3719 6775 5371
1293 1867 474 1031
5760 4501 9416 470
898 4886 6592 9610
1587 9823 8841 926
1404 3869 3407 5439
1470 8173 6720 244
4186 8114 137 8816
9023 2518 2911 7992
4935 315 4385 4464
4488 1773 4816 4879
4491 6465 6659 2486
3095 6078 6287 6578
1017 4500 1025 773
6561 3567 3751 7746
1880 1825 2759 3889
1212 1981 4343 6749
5764 7226 2296 9807
1755 251 8999 8191
3314 6246 7795 6737
4854 6410 3402 4081
3252 6951 1988 4428
706 891 517 5739
1103 3665 2716 4355
9023 3394 5646 8138
7211 4786 1699 9021
8513 44 6116 1776
9070 2906 6290 3910
5199 3924 394 9693
278 9530 1953 3461
7904 985 1499 2470
3431 85 4650 5294
395 3532 3479 1375
6955 7607 8318 5178
500 6546 8730 5512
5791 9570 530 5020
4385 2068 4572 924
73 5743 2676 6525
9469 7977 6728 4175
3831 3978 8062 2456
7798 4227 7510 1541
3496 5831 2912 6906
7740 3996 3456 1641
4911 4609 3565 3986
4662 374 7756 8138
5685 4736 7196 431
7459 6232 3791 3923
4473 2368 209 1853
6782 3349 7674 8798
3306 277 9181 585
6622 2124 5352 2636
8134 2611 7813 8918
7079 3874 4065 5568
6263 2763 9689 1260
6412 4800 74 3480
160 1963 7168 283
6506 8021 5312 4842
9286 890 9378 5571
4725 6987 3015 4729
7474 2858 9598 1906
7081 4552 7812 4741
3137 4422 8395 8579
9831 9549 9222 8469
2309 1069 2590 7468
4552 9895 9091 7903
3196 3838 784 8468
6784 9001 824 4878
7321 5337 2937 1500
406 5480 967 748
8909 3543 9902 9362
7669 9819 4171 201
5742 1057 887 6761
9524 294 951 1056
7693 3799 5211 2814
8614 5555 3878 7114
8643 7013 891 6815
2299 9049 2492 1859
2594 2287 2591 2393
3523 1342 2105 6762
5128 343 2399 4071
7243 5730 637 4429
4040 6014 9529 6927
1300 2654 1569 3406
5398 9943 745 3539
5631 8777 8991 3238
8344 9305 1063 1581
8318 2945 1725 4247
9632 3445 3288 4124
1931 6874 9176 5005
4268 7051 2888 9783
9075 5568 783 5536
4766 5552 5510 1528
7160 1476 5407 4500
1795 5503 1859 6470
7708 112 9527 3584
8899 8418 3558 2815
4673 1908 5291 3812
5872 8941 8959 9258
1270 6026 5587 9742
6675 7115 1577 1096
4532 4914 8591 6984
4033 6327 1495 449
4916 2819 7518 1022
5966 4893 1236 2154
7943 639 6801 7607
6580 3815 658 5760
8421 7850 9841 6246
558 6175 4965 2496
5084 6169 1088 4634
4684 195 3574 2583
3246 9600 4094 1091
4015 290 4492 6409
8132 3037 2008 1293
9992 4711 7931 2667
1345 8412 3640 8850
4317 2982 5665 9684
415 479 9151 6753
3815 5099 1754 2724
3335 8140 5778 5848
3720 7351 8431 1348
4184 1851 1466 1517
8246 5254 7642 9397
2043 669 4745 2360
8242 7439 3651 409
6604 9736 8998 3880
8757 1497 5913 1830
3039 2091 716 1690
1742 6759 520 225
2461 7006 9690 1986
769 706 2259 8410
8493 3891 2454 7004
1063 7813 2408 7184
4314 8746 7548 2484
6230 3070 1322 3460
2263 9269 5162 2038
8748 4005 7106 5682
6283 1208 2089 7874
2431 8131 2994 4349
2632 923 2021 5448
7993 4774 8736 5509
822 2307 3520 7362
7959 8131 5377 4842
7300 221 7399 1617
4536 6047 5305 5583
2822 818 8334 7395
6776 6332 28 1327
7558 486 7256 2049
5511 5551 5260 7070
5779 7412 8937 9859
5931 3737 5542 4313
9602 4309 5037 4019
9895 5216 1434 1421
1095 2716 7114 9768
9191 8950 9048 7142
5531 7828 9436 7382
6712 1041 4457 5774
8785 2490 8453 3393
9092 5794 7307 5073
3764 9772 1181 2343
3462 3658 4988 3694
9243 5636 7453 2101
4961 9512 4585 6501
1951 1570 8418 5099
7346 8663 2611 2874
7215 7210 1153 2142
1881 6306 4082 8460
8958 5646 7157 5264
4245 3498 382 2144
5415 4566 9134 7836
974 1454 4077 4797
6448 2926 3025 2495
8858 4873 2667 6715
3358 7151 3161 4899
2506 6319 4536 7243
3836 2543 3043 1692
2339 9160 6041 3425
2129 8833 3725 6254
1375 3104 287 7802
26 8903 7109 3312
5754 9963 3775 854
5257 190 7114 8015
4420 8843 6509 2728
4056 8256 1385 9552
5837 6395 8494 8505
1098 7967 5228 2218
984 2474 2149 6594
1190 2089 1376 336
5323 6944 2052 6230
2972 579 7135 244
4274 8471 9422 3643
390 8330 7805 1885
8516 7306 5803 6298
9782 9614 5272 2109
7757 765 3166 7421
1850 8948 2855 5621
7309 8252 6970 5986
8827 1359 8832 4104
1217 3100 9830 9332
3931 2686 2508 7634
1499 2446 9992 9390
4842 1280 3138 6343
1925 3678 2046 6305
3044 4855 2625 5980
4778 352 3106 673
2348 3604 1711 1937
252 4644 7783 2619
758 5262 7330 1369
5821 2257 8787 8400
8229 663 4617 1924
4800 1233 4341 7742
8718 7844 6088 8045
2210 3495 8196 9194
3604 5637 8178 985
8408 4935 280 7039
7088 245 196 8689
906 3988 3581 8983
7018 214 4651 8198
7036 1817 1447 8992
7807 6832 9661 7535
998 1095 1406 8935
7702 4602 6732 662
5700 7188 9537 7012
9794 3867 7433 811
1369 1779 7855 2093
2575 8388 3072 2505
3132 689 1283 4519
957 938 7521 2023
668 1956 3113 5
7936 8370 7637 9845
9064 4714 6636 8253
7241 9937 8581 5148
1097 8610 2794 7514
384 3672 6997 5866
1382 4595 5440 9360
4045 2339 6612 4040
648 4713 5374 9725
2342 8584 3082 4090
5945 2484 3297 797
470 3185 3499 2957
3237 1568 2873 6293
308 3621 6319 949
5799 1690 8216 1759
5631 9844 4029 4828
4572 6279 5636 482
593 7993 5941 8718
3274 6538 1555 317
2426 4823 9723 5055
4624 5664 6391 3675
6627 4932 363 3789
4486 3504 6622 8580
2211 1195 4426 1729
9859 7862 8554 61
4811 451 6933 4494
3543 9164 6990 8489
1465 7048 3987 7791
5245 6089 2711 1456
2733 2950 1020 3075
450 8298 6454 8721
941 3740 9493 880
3619 799 1602 8046
8102 8430 1251 9614
8189 2723 8673 9320
4115 9655 9772 2659
5557 439 6822 2482
7642 9369 3389 8922
723 8092 7666 9844
6283 2743 1832 8238
4126 980 3543 4513
6271 3307 489 5873
1820 4459 6030 9162
8284 7014 5192 5801
935 4919 8532 2014
2843 8577 4288 1921
1269 4645 7748 1953
5171 8632 7388 658
8961 375 9612 2009
9262 5231 4761 100
6592 2160 9691 791
7975 5954 9175 4882
705 8910 873 7706
9272 3548 7487 6240
5892 541 9272 5234
8669 2141 9173 6660
9964 7630 3595 8784
226 9225 3939 9436
9591 7897 2464 4708
422 7565 3851 1638
2042 2207 7554 5803
2431 1313 6834 6119
3844 9402 2933 6106
1968 2512 2621 2105
6730 1931 1220 7295
946 6956 2234 6239
7415 1615 4853 4698
5585 8917 259 9783
3931 8706 1123 7813
5141 6362 1097 9036
7215 8985 5763 5110
6757 261 2576 9463
1113 3487 2192 4875
203 3139 442 5506
7235 8698 4754 6374
3904 3898 7614 5013
8851 7835 2603 9816
9890 5071 5275 4780
1578 8183 5134 2116
3664 8336 8445 7710
7221 5856 2901 1715
796 7425 8995 4422
9841 8031 7201 4828
4629 3745 3008 4814
1469 4558 2658 6690
2207 2437 9629 9013
4630 3786 620 5842
1858 8294 3200 9065
522 9080 5229 6101
9051 2397 7583 4223
675 9971 1507 4783
1204 5304 4794 4515
7543 3753 940 8531
7490 9751 6190 1648
6953 2119 4615 6810
6073 9891 1492 8894
943 7674 8970 6721
2413 1073 71 7631
8251 3088 2122 2657
6525 533 9471 6916
3137 4068 4286 1489
8365 1705 4897 476
9484 6397 3825 590
2037 6635 6287 5317
3965 4059 4308 6335
8115 7457 6211 5458
6327 6365 1623 8333
3661 2852 6899 2172
3818 7878 7999 2263
4564 3262 9583 3974
9803 5126 9659 4486
3358 2918 1760 7024
2605 7323 8057 6068
3679 719 5858 4267
9653 5 8164 7481
8404 4392 3936 6141
6987 2222 2269 3013
7417 2629 5484 1852
3244 7220 7755 6221
7741 6602 1216 593
5698 345 5003 351
8341 9377 1064 860
6447 9072 460 306
8489 4851 3463 5476
8664 5476 8152 5733
934 6080 8105 3635
7532 4178 4378 6939
7025 5272 1858 6674
8800 3801 6696 6861
8067 8219 3177 7761
192 4514 7290 4717
8643 8681 443 1831
3308 7306 4156 8595
278 4242 4465 3340
6595 7810 8420 9922
8217 4699 4161 277
9696 8095 8500 856
7473 7763 6313 2756
6512 8744 3355 4681
3471 5155 7424 4877
5999 7858 3539 2659
9005 6277 2099 8004
2953 5599 4086 1597
182 1169 1376 8247
3711 9878 342 955
1335 2262 8719 6655
8029 8926 1005 3152
1087 2578 5159 8429
7781 7086 435 8699
5210 6785 4441 3613
7853 8163 3463 8528
6873 9114 410 5918
8486 1662 8992 752
862 9821 3924 7710
5516 9970 9826 6008
3682 6603 2548 4984
7676 2542 4768 4062
8815 2885 9327 287
9787 7747 1048 3868
3290 7738 6860 2537
4640 1775 9401 6930
411 6581 2675 4403
8563 5927 7629 3579
5318 3324 3608 176
9743 2993 5866 9455
1218 9636 6957 6271
1621 1004 8461 8005
3329 5990 9821 5321
3624 9048 7765 9221
5097 4035 6707 1518
5591 4739 1040 4336
4103 908 8063 4648
2356 3845 3901 5007
9942 3574 3480 858
9420 1562 5657 3020
4698 2748 7552 5478
8993 9401 1796 6396
2838 5169 3435 8503
202 8430 9908 4475
5134 4305 416 9049
6255 7490 9229 4318
6807 7275 1064 3787
2198 6226 9917 6721
4942 7976 8975 8547
351 5014 7376 1849
7444 4269 182 1890
1295 7646 3777 1168
9590 6429 3029 4193
7124 6923 3918 2257
3861 3930 4198 6061
2660 7138 156 4114
2058 8682 5113 209
6537 3488 3695 3568
7203 5059 8836 4956
8964 8498 3784 3691
149 9632 6005 6813
7063 7273 6555 1001
5945 923 2281 752
3725 8605 9140 2437
8900 6862 8365 5332
8094 6515 1429 3138
5035 6375 1573 264
3249 3998 5951 5357
4036 3398 3629 1955
3093 1098 1749 1262
7547 9038 3100 4030
7571 1271 8722 2239
224 7549 8134 7086
905 9397 4063 9563
2072 5940 5772 6716
4757 5321 1016 2801
6987 8793 9798 4646
5577 80 969 1546
8466 3123 9118 5148
6004 7116 5473 8918
5326 7307 5743 4685
7601 6232 6703 885
6355 751 3250 3553
9992 2190 7152 4267
8496 6978 2061 6949
9257 5151 8137 4109
7251 8801 9353 8334
9511 4333 5916 4825
2544 4836 1639 1659
4053 1223 2146 9422
1821 1486 1974 6476
7154 2891 4755 9126
2003 6728 9869 6816
7418 2338 1878 9085
7134 4668 1139 1230
9793 7723 9002 8134
2219 3415 3638 1719
3338 6273 5717 5784
7896 5159 7759 7692
408 6128 8050 3593
8082 3491 2855 8998
8121 5499 5829 5812
5102 5255 1245 6968
3045 5973 2977 1325
3478 5264 467 6615
4954 7895 2615 6184
5046 3929 3054 374
2258 5454 56 2182
8724 339 23 2912
2820 7924 6917 5853
566 9001 3178 9242
4928 3611 4974 7234
2703 9485 9955 5441
4022 7658 7379 2569
4773 9068 1586 1511
5633 7031 5601 1642
1476 5436 8450 5624
4607 5376 3359 5366
4849 5174 4376 6537
6948 855 9864 428
3466 9652 339 9818
1387 7488 7309 8798
2694 6160 7635 9974
8859 8328 3191 3235
8085 1414 3763 1640
4737 2692 6790 7122
2673 664 8945 2244
783 699 1520 9887
1735 4249 350 1859
8711 3123 2815 8738
4763 2484 9283 449
5192 4701 811 3552
2774 3277 6115 5653
7306 8590 7048 3983
6957 1057 9254 7071
3712 8819 1757 773
845 6526 4146 2107
8490 634 9649 6962
2483 3253 3118 8932
660 8755 7954 5008
9130 4513 3110 5147
8307 6435 3102 1236
5287 6342 7493 3435
2435 77 5161 328
7347 4359 6604 9307
6262 5837 6073 6252
5278 9825 168 269
4347 5938 9658 9201
4003 4555 1530 2767
8067 3388 2068 4632
967 4433 9730 639
6355 3403 4510 5969
8445 3701 8841 1113
5183 5785 616 4913
1063 460 5609 1863
9112 5410 7477 6345
4718 4193 9965 9007
2672 3863 7581 2033
5437 3640 8296 8390
6077 1791 8122 3885
2954 4521 6572 6962
130 8137 306 8267
4418 2272 9676 6994
8317 3529 7683 8231
758 3034 8802 8726
6929 4510 7976 7461
1235 2366 9229 6272
6469 7312 5236 8429
1153 9423 1833 2886
1290 2362 8638 3218
7623 5708 4634 8313
2121 5939 316 2316
8736 3958 51 196
5377 5665 8468 8027
8282 6612 9110 8775
7232 4751 5003 4345
2211 8385 4173 7915
2202 3501 1825 2811
9855 903 288 6459
2958 1975 6842 1683
5999 1693 5933 7972
5333 2454 7358 5480
1891 3615 145 6467
3062 9123 8366 5148
7507 5273 8586 3617
7948 788 9853 1489
2902 8881 1691 140
7584 6939 855 9613
3347 3582 8633 7868
4615 8680 7116 7069
2408 6506 3373 7261
6435 5470 6707 1738
7860 3941 1821 6371
2893 5807 5808 1673
7112 6874 5767 7500
5568 4695 3813 6622
592 8915 9357 2445
3732 5207 8674 6472
4864 7219 2791 3125
6947 2377 3767 576
8340 4806 6318 5588
704 1232 1692 2126
5159 7816 9186 7459
6522 727 3589 2998
495 7114 720 2945
3598 5306 3400 472
7847 9541 2524 7270
2957 5872 1917 6291
2518 2376 1757 9314
1986 3222 4687 3449
6870 8224 2116 3872
9730 4470 8951 5706
2301 225 2663 750
4411 5899 5531 7142
6504 3336 6518 9135
8828 540 287 9514
6572 2424 2916 2044
1475 9637 6726 7603
5626 9424 7860 8842
8640 6435 3894 7890
4777 2019 7739 7636
3482 266 8998 3269
5029 9987 4682 5515
7013 4935 526 4969
2123 4663 7359 3442
5084 3598 4299 5163
1126 709 3022 2158
5630 844 8223 7995
309 1485 2864 5961
7376 3791 1751 1861
1401 3483 3777 6433
9903 9493 8418 5382
2018 2026 5234 6856
2770 7102 5624 9533
8798 3896 8891 9725
4153 5506 4741 8192
544 5541 6991 7605
6254 8999 9332 8743
648 8735 2482 4188
9913 551 9306 1978
5151 1931 2577 4540
9005 7921 111 9280
8273 8881 2896 80
6320 3504 4387 8716
1198 6864 9045 2456
3642 8532 5862 9455
1401 4291 7266 9423
2189 1313 4842 7650
7777 7341 4323 8498
5594 6781 6340 5514
9030 4945 6741 314
3583 6428 8449 1127
6948 5861 4370 7493
733 1668 4392 1311
385 3213 7038 2736
1455 3654 5606 2958
6521 9233 2073 1007
9807 2115 7092 9492
6038 8836 7060 3832
5159 700 6343 6588
2023 2106 6561 712
5846 3836 4854 2031
4850 7310 7049 1891
4741 6305 963 3733
2528 1261 6616 3036
7540 3413 4455 3708
9182 4657 2248 2594
382 4340 5357 9670
5027 2405 7526 2996
5349 1951 7320 3458
9181 1277 9261 4369
4339 3921 8662 224
8985 6867 6262 5277
4389 7604 279 716
3276 3570 3339 3607
1691 4737 8990 8696
1051 7797 7143 7594
9910 7479 9748 5541
310 9091 9836 9008
3773 4650 4090 8497
1068 3837 1516 351
7561 5457 2519 2875
4553 1915 106 5858
8847 7323 6653 174
414 976 5119 4874
4952 1403 9534 5945
7865 5263 1572 9369
6014 2717 9913 5662
6461 8161 7633 2507
7088 4021 4696 151
6055 1640 7016 5881
8542 5980 41 3668
1104 34 6956 5160
5858 7135 1437 6490
9751 4802 3476 3009
8054 5764 7519 4467
6381 4514 5003 5151
5580 3468 9615 9699
1376 2713 6187 6630
2466 996 8694 6228
2138 4649 1030 5649
6556 9076 1783 3547
805 7385 3877 5260
8704 8859 3148 2474
8929 5084 3373 9230
695 4508 9631 4066
2044 2071 8300 5817
2642 5589 3067 6993
8723 5859 237 4097
8359 6358 6013 2020
3442 9165 3742 9890
7199 2145 9102 7970
6540 6127 8308 2474
3754 8314 1713 7938
8085 6877 384 13
9707 1805 2465 4530
5802 8429 7665 3781
5725 5239 4786 4756
7577 9167 5482 8529
8137 4775 2391 4584
8637 5756 1981 698
5865 3469 4069 4773
62 3950 346 5533
7672 9769 5755 3890
