1000
9628 9289 9484 1230
3416 8083 1875 2747
5930 2124 2054 3147
7670 10000 6203 2861
803 1255 2849 6407
4190 3261 8868 8315
1192 2411 3979 4068
227 468 1812 7919
4043 933 836 1296
6937 8539 95 2711
6090 2866 662 2149
5430 3759 2865 7945
5107 6233 5015 6793
9029 375 572 4961
3549 221 3865 4552
8052 4856 1768 5677
6394 2095 6868 2604
9113 3330 1712 6963
2476 5202 7275 3453
8011 7906 39 1218
1094 4196 4139 6133
341 122 5650 5790
6271 4970 1422 9515
6874 4322 904 3191
4735 3268 7496 7772
2661 3847 7677 9208
7249 5137 127 6031
6300 6339 4122 166
4050 7394 1613 8261
7857 5471 8595 7264
3208 4127 1519 17
1273 1160 8450 2423
5153 6008 5507 5945
9215 8893 933 3184
2306 7542 5108 2139
8569 9685 3880 9230
3836 3698 7078 5494
6768 1692 9169 6751
5268 1054 6899 1766
2371 6541 2215 5348
1984 8603 3628 7722
7780 1198 7495 5640
2911 1164 9820 3682
1350 1480 848 4778
5755 5186 5178 9005
7191 3602 7958 5425
2361 3537 4656 5935
5672 4732 1156 6871
1503 7656 4414 5863
6669 361 9934 2987
5609 9581 2604 9753
4614 6960 1060 4531
2741 368 3224 7317
9274 1010 5049 2260
7655 1634 4547 9706
2645 3326 7446 6782
4846 5227 2061 1859
2825 1515 6667 1994
3801 8434 2174 9271
1629 9494 6472 4313
3035 5449 9862 775
5695 2309 6459 4911
8866 3349 5022 2084
4326 1510 7755 2467
2888 251 6737 9816
3752 5713 2845 3403
9332 8632 5225 5019
3551 2039 8125 2776
5055 7665 7488 9066
6030 749 1052 3946
9621 5974 5177 6075
3825 5026 7485 2931
8704 6713 5277 5300
4219 3534 3504 8122
2584 3550 2166 9809
434 7214 5589 290
8101 5489 4878 3076
4163 4130 7317 7010
6504 3783 103 2494
3967 1408 8809 8667
3285 3749 9200 4085
3591 7504 7283 2704
1897 7254 2132 527
1875 2331 4467 7721
7433 9976 7821 423
8710 1595 5184 5137
5033 6293 5379 5288
430 9000 7701 5266
682 3715 3827 6900
2716 5352 2298 2189
3230 4613 2605 4430
8575 5105 8024 7072
2059 6007 6160 5844
7710 1848 8682 1343
404 2743 8141 5139
3819 834 2821 5841
9917 5581 5629 6649
4514 2632 932 9006
1688 7744 8325 3538
3270 262 3928 6348
2509 6408 7349 87
1168 219 8256 6030
4394 2651 4041 7475
4589 8214 4565 6862
277 4505 3794 193
9343 4791 8217 4726
5046 1031 3614 7620
9787 9395 1293 8621
5750 2295 5802 9721
2611 6918 3593 5137
4496 7006 648 7634
6485 163 6298 5213
6975 6762 4669 1170
2662 6318 2631 3964
5944 7708 7349 6245
9442 5730 7102 9721
197 6270 9105 3982
1410 2809 4267 2697
127 6985 893 4915
9440 6612 7148 8270
6859 6414 3373 2895
4407 9521 2731 7083
1958 350 8307 1158
1548 2478 7160 6487
39 1745 8748 7343
7929 2528 5633 3014
5874 9135 9513 6526
9556 5313 5746 6661
7281 7494 1727 197
6696 1687 8093 5537
3965 9733 2037 7479
7618 5513 2210 275
5051 8737 8338 957
1575 2979 1264 3970
8517 7449 3193 777
215 9151 3841 8939
2183 7496 7723 5568
4373 9958 9183 5816
3653 8338 9690 2298
3936 1270 4930 1899
8316 8987 6 4346
4206 969 3044 2350
6255 3801 8419 6237
8906 6470 2951 2259
7569 1088 3965 674
7603 3020 2125 4226
3714 1255 2436 1814
1711 7650 3605 7366
7040 1106 6636 4690
6996 2324 2075 758
4910 3250 6125 1572
1908 3815 9720 155
8989 555 5983 4763
9922 7670 3575 8108
4456 4714 8926 6011
8299 7246 3442 3609
1915 6418 8352 1156
3078 8911 9821 427
6101 7989 3239 5946
8800 9088 1803 2958
8051 7788 9643 8865
306 7973 5457 3217
9070 4762 3765 5461
8364 8448 2008 7208
2944 1357 5944 1438
1709 6023 1346 5764
8622 8889 4011 4585
5758 7421 9055 6893
2992 3808 6287 8697
8284 3299 2859 2823
4911 8433 9140 6625
2586 4353 7959 1147
9666 5530 5711 3902
2721 2454 2631 7057
3535 1342 2421 6642
172 371 9843 1476
8952 4244 5258 6129
5821 8315 7543 8118
8909 731 6747 7761
9686 2573 6163 5784
9 9351 9182 1873
9534 3809 1804 2892
5702 4147 6230 4226
3280 6953 4518 6072
8973 3310 1196 9777
7579 4793 1624 9818
5233 7566 6603 9450
5718 4918 1217 2765
4369 6806 5348 1477
3535 4982 614 8231
3995 315 9129 6844
5581 8354 7269 4726
9362 4553 1663 9544
3816 8019 9346 4367
9792 128 5584 7027
9357 6588 6125 7880
9704 4805 3393 1472
3009 4317 9787 5086
4719 7004 4633 8915
2523 299 5357 2980
2465 2963 4852 8099
3381 6282 981 5276
5523 3173 7489 7644
5086 4880 839 3613
397 5868 763 4233
542 3406 184 549
8876 5262 409 5896
4944 1399 5561 6845
7847 8488 4362 1492
4066 1228 5848 5344
6950 9590 5480 3336
1630 3114 5548 6319
6860 2028 60 6311
7220 8481 5434 1323
4846 6095 3742 6923
1874 868 8573 382
9358 9721 9357 2935
9620 3423 2027 5204
3826 6569 4091 7507
7028 5456 761 9639
2144 4966 8563 821
1998 442 3447 5076
7571 6844 7617 7189
202 523 8792 6189
4430 638 1323 8148
857 4049 5141 3350
9950 4683 1696 9232
4357 6977 1217 2457
5935 7581 1943 859
2578 7933 8023 5390
2907 1228 5855 5639
3872 3109 1751 4646
7504 8303 3748 4153
8120 8361 3430 8889
8663 8069 4122 5127
7277 3020 6125 6418
3457 4290 600 8068
6420 7114 2222 9702
4881 9327 9421 9157
6404 8754 2435 2251
6150 3907 8135 7262
6691 5349 2267 1564
3886 6433 4496 7468
8688 2241 9453 620
1911 3223 6532 1131
67 8331 337 9833
3087 4949 7657 836
8433 9492 4781 1171
5558 5662 3398 2915
4212 2249 1010 6745
6127 9177 9761 5506
1422 5893 2497 9213
9940 3333 9117 107
1368 7 2743 532
3728 4456 6035 1478
3730 2161 5026 815
6247 9288 7823 8424
5417 459 2615 9912
2666 2622 714 3454
3318 5167 8516 3211
321 4337 9580 8711
4879 1689 5423 3401
2272 8608 7224 1457
1752 7081 1847 3328
659 7999 7447 748
4595 7155 9537 1141
5620 8341 9778 1330
9161 17 4586 9372
7566 9482 4354 4165
2312 3524 2249 855
3880 5663 3210 552
6884 6711 3822 5057
3488 7543 5789 2347
7734 9163 5776 5325
6003 3354 8582 6632
8412 5163 3371 3167
9659 7056 5723 8804
8525 3049 579 7973
9925 2404 8712 4868
5959 6808 9116 3612
1307 526 5429 4904
8916 120 9689 1205
2515 4919 3474 9349
7806 2005 1160 7924
5935 8543 9062 6884
5588 4459 1591 719
4993 6591 6863 1381
3039 951 4478 7057
2190 4347 1477 985
1592 2185 4467 2244
8022 5187 7104 9020
7305 5827 7192 9343
8052 3239 4369 7332
8420 4718 7698 7039
2696 3412 1308 5640
7851 6815 4363 6865
9164 1119 2240 6920
6805 756 3304 6707
829 4826 5943 1486
1545 8134 1731 4213
4217 675 1373 7179
5789 2636 6472 149
5724 9565 7127 8859
9488 3574 7458 2568
7483 8652 4693 9698
562 4287 486 9077
1720 1391 191 6429
179 4344 604 3001
3205 5475 5019 3056
1428 73 8111 1490
8884 7152 716 6316
8950 8372 1804 9253
6652 6432 8102 7576
6095 7215 1797 8588
4989 7815 9685 1988
4423 5168 2159 1367
826 8708 642 8257
7226 2254 9860 9832
906 6109 484 1654
9864 9856 5559 2288
3326 6516 7366 4739
1150 499 4809 9163
6940 7218 9394 5572
887 1362 2385 2631
5016 2792 1148 4106
3740 3320 5046 1007
8897 4646 507 5530
1884 8761 5580 6067
2107 6290 6355 2945
7814 4336 6789 2242
9892 4753 1553 7261
201 1858 7195 5017
429 6296 4650 8343
7384 5248 9616 775
7269 6281 9895 123
9499 9153 5041 6553
4716 2684 5442 2474
570 2529 7021 3310
4670 462 8362 9653
6056 4871 2320 6635
8824 6485 1167 8049
1984 6208 1733 1861
337 9253 2488 2706
1081 914 8406 8608
8236 6876 3599 4926
2429 8807 483 1698
5479 7099 347 8845
1794 2614 3049 3746
7156 618 9099 5295
5695 219 7905 1910
78 6033 9472 1471
3882 2238 8026 8956
4401 2117 9114 2703
9521 7910 2002 675
6095 6078 6087 2349
5509 7890 8692 9136
1858 3744 9587 8870
40 8633 3963 8570
2390 118 5744 3434
6473 7351 3435 3769
3223 1952 9468 2548
3819 3822 9862 1470
6163 993 979 5949
697 2751 9962 749
9196 2556 6495 626
4970 9236 2267 457
1779 8439 432 8011
7494 9331 5789 3867
7806 1795 2362 6336
9251 2703 6697 2223
9504 6493 3696 8755
5362 201 9244 4736
7274 4557 3836 5738
5192 3322 4871 6103
248 8050 1761 5303
4964 8821 7381 8629
3044 2769 616 9743
7146 3374 6552 8392
6063 6649 945 1326
7005 1424 7929 188
24 4278 5982 2843
7235 5216 7600 852
9069 7483 3266 439
2546 4032 6304 1725
6390 5590 7881 7999
5758 4614 42 4432
2254 1820 2341 987
4192 9259 3245 1349
1157 4217 3536 305
2654 9471 511 2215
5502 2801 8033 3777
3413 8048 6834 5415
224 881 4717 4714
6826 5982 5495 5838
263 9080 7803 8915
2431 4456 8339 2126
6247 4667 9752 2953
5119 9981 4138 262
8664 620 2781 3249
5407 2076 9748 9615
1380 5631 4036 5543
9524 8206 2692 609
3699 866 8365 494
1813 7209 6401 7782
7493 9140 2954 6152
1419 2611 9120 8171
2594 82 4311 1900
9601 9080 2158 4058
7882 2059 4711 7273
8976 8485 1344 7403
8569 3753 9351 9709
2981 381 961 5751
2086 473 9521 3915
2698 3505 4164 9719
3611 5292 4667 8475
5177 4290 5450 7904
9721 4137 6349 1239
8480 9775 3700 7693
9880 7048 3527 3050
561 2860 8509 5567
8827 3726 4413 9108
9209 1524 8310 9656
880 3898 7895 2976
5663 7136 8188 3344
4387 5383 1272 5615
9102 3945 5158 4973
6410 8982 2072 9764
766 6971 2920 1659
9146 671 696 8412
3061 8354 2195 84
5592 5020 2251 1168
8212 1254 2155 1517
557 3677 7716 4506
3716 9660 7622 2873
2431 125 9720 772
3209 3198 7096 3718
8955 2354 3869 8871
9391 3094 708 7144
6635 4982 8114 4038
5854 4846 6236 268
8983 6411 8523 5031
7996 2698 6070 7223
586 1505 2823 6868
946 3795 5782 997
7874 9902 7228 9652
3053 7264 4074 9015
3535 9688 3325 2188
5670 9389 5612 639
2435 4653 5800 4134
895 1509 7351 2948
3329 1481 3015 1253
9527 4276 6355 8797
3676 8479 5256 4661
2596 6729 6822 9330
785 6132 6416 146
7240 6456 6599 3106
7505 753 2187 3477
1869 8400 3342 9538
7311 5199 959 7436
3053 7917 553 8393
6217 6729 6395 5809
4441 8814 3457 4295
4057 6306 6024 951
8258 2375 2761 3701
5564 5762 4208 4948
4985 7434 5240 7550
4591 3374 3711 6199
1151 7644 1290 4264
3059 7368 5452 8765
939 7501 7260 8909
9143 6075 3806 4362
3672 7400 9530 7646
2365 314 4240 3737
5678 8429 8827 9480
7880 1347 1802 2537
2936 9031 8991 4172
4430 5995 7478 5521
1257 6448 4574 5816
7104 399 3601 9459
7946 1854 7799 3130
2596 310 2169 2038
4612 8274 9818 995
5792 2491 9621 1620
5211 9807 2601 9690
6973 719 5801 78
912 8230 8246 1454
4977 9096 8629 1846
622 4001 949 7506
5193 3218 4312 4197
6828 883 2570 4129
4038 3698 3374 3269
7132 9249 4583 5975
1838 4105 1046 384
2216 2750 2334 370
9548 8272 2924 2042
8071 1249 2273 3874
2871 4342 4467 7664
1385 9700 5225 8117
6732 5423 4476 9679
522 3864 5750 9060
8245 3439 9048 7875
5581 461 7268 2460
4066 6208 9812 192
9748 3215 7457 2084
1118 2619 8637 3002
4618 2504 3397 4940
9090 1350 9006 8952
3709 9612 6293 4756
9958 1954 3050 6419
510 5539 3494 318
6469 5655 1746 3305
3283 6216 9949 9203
3525 4402 9914 8585
4420 9222 7985 4389
2824 3509 1650 8069
5440 7613 3121 9022
8647 5398 9567 7250
6365 235 2015 3060
4042 2833 6969 3761
6581 7325 128 6918
6589 1184 1726 1120
8859 1008 406 789
2157 2761 4517 3135
7046 8676 373 8717
4078 5692 5152 9940
927 443 5928 7167
892 4969 4355 3975
7762 8553 2294 5562
5889 4350 9737 5099
4357 5826 5358 1221
9671 7593 8587 953
9979 6716 7347 39
744 5136 3486 2499
4468 1672 6658 492
7654 6439 7720 2091
7271 6494 4991 1092
7028 4238 843 5807
9312 2463 63 7280
9768 60 55 9729
980 825 7855 7403
2912 1724 5961 1341
5788 7380 4475 3697
4366 3441 3819 2195
5695 1636 1013 9889
214 2723 6953 2935
7824 605 6265 7016
4802 8670 665 6321
940 5782 573 8521
1309 3852 8585 7613
6334 7098 1232 3060
7097 699 1617 6130
5566 2792 3415 2631
8463 6860 6594 367
257 7365 7465 2858
7729 5059 6034 8130
4220 8669 1919 6608
3564 5530 2521 504
2040 9898 3706 4832
9033 9137 1675 5323
7616 4599 3007 6169
2459 6078 1458 9601
9210 2716 3442 1
8241 6939 8855 554
2356 2461 5607 773
5117 5920 9070 9207
9177 8236 6896 3854
5819 8210 8452 9651
1059 3434 3887 1458
6425 4597 590 6424
5666 5634 8392 5111
9099 3906 3651 8325
9544 1454 7446 337
1447 5740 8454 7594
6078 1703 3975 6428
4964 1897 991 3505
2380 7102 6410 4878
2111 9884 2777 7001
572 8856 5517 1168
584 9671 3841 247
9960 1206 2203 2365
8164 2485 6946 1735
5505 4241 5267 2000
2214 1547 7217 6258
1706 4594 8649 3627
3673 3817 4477 1425
1320 4245 2673 1073
9958 2983 4994 7593
11 9917 4189 8276
5293 9254 3481 2214
6085 1876 4573 8748
6496 8299 3424 1790
5656 8202 3972 3151
600 9329 3097 9528
4441 2999 4652 6849
9000 4399 7061 724
4543 89 5394 1250
8702 9836 421 9954
7864 4786 1711 4995
9366 4359 3084 6214
7663 5021 3639 8135
4664 8263 5428 7815
1882 183 2341 79
1730 1960 4582 9402
1008 6273 2050 1055
8545 788 6108 2471
5112 6408 5574 8899
7872 4477 1845 9738
4378 5534 9498 6563
6083 9042 4876 4925
8776 7965 9225 8296
7020 506 9926 4886
6604 8028 6779 3054
2864 5149 8817 3966
5206 9055 2635 5469
1043 4157 3532 4481
112 5421 769 4108
5019 7274 5541 5645
1809 3795 6318 5845
1454 8829 5380 7322
7203 8058 7935 3237
3299 1145 4285 7830
2480 9584 200 6921
9998 3523 4819 4811
2312 109 23 5589
3566 7332 8463 6643
2101 6454 2205 4780
821 4634 5282 7585
2125 9104 2691 4296
4976 6503 248 6977
7417 7456 7166 1527
7573 7415 2057 1984
881 964 8603 3159
2923 5526 9375 7065
9164 6103 1980 1579
2636 1063 736 7262
2562 5841 166 4507
3021 7538 2343 1494
2572 1517 6072 587
3446 1223 8932 9208
5678 4327 2187 8613
4219 9680 9853 1561
173 3382 5783 1832
2104 2809 4446 7598
7185 4666 9729 5691
2659 1285 3282 2072
8562 6310 2802 9354
345 2007 7534 1733
3440 7102 7413 799
176 7659 7861 8344
2319 1428 2120 4722
3335 5503 5316 7645
8196 520 168 5045
3883 1933 1805 3451
7419 3523 8244 4607
7655 8843 6609 6856
2365 2173 7024 4021
684 3620 9833 4884
9597 3003 6127 1952
7566 2931 8506 1442
4283 5761 4530 9754
3099 8166 8774 7414
4951 517 2768 8096
4477 3684 439 9377
4504 7921 5858 8542
8721 5188 1540 5690
1266 8317 9270 8746
8608 8833 2326 7776
5349 2890 5672 6857
2540 8449 2134 4445
4279 8570 44 4902
9025 8756 2254 483
5959 3528 7755 9191
9119 4679 9795 373
7919 384 4074 9065
4335 6526 9217 6400
412 9685 494 5968
8610 4032 8133 2628
9740 2888 3680 8177
6203 9843 2722 7013
849 3240 4450 476
3308 1046 7919 4244
550 1226 1430 3071
7694 4885 8831 1726
3032 9185 5648 403
3036 1641 4295 3780
4988 3854 5608 7976
963 2270 3696 9409
3469 2891 5510 8146
7579 6777 3937 4508
8172 8129 9083 6446
9396 6944 4093 8992
4600 3506 7208 9741
9478 7636 6226 1502
2320 5545 1489 2912
4410 4362 7815 6264
7832 7879 8332 3324
9793 6490 5734 2268
4887 9044 5697 5895
609 4282 5987 9790
5776 5209 8867 3194
8004 6332 3923 5092
2754 1402 1876 6491
4094 8243 5764 9691
7442 3004 6121 4095
8829 8313 9494 2934
7138 4794 7356 6270
8695 7747 154 4422
4112 4470 4034 9021
4447 2115 802 7957
3448 8281 3517 2678
5533 7542 6523 359
7736 4053 545 3723
7388 6564 2366 1118
5222 4525 2437 9722
1612 3917 3351 2591
6421 6803 9466 7385
4025 1946 9998 267
4953 7473 226 3514
1551 485 6093 7829
7756 9287 4539 6638
7705 6222 6929 6905
3036 4006 747 444
2561 5727 7923 4098
8735 8982 2529 7388
7120 2759 928 2526
8983 2072 1310 1154
5119 1612 3636 7403
6158 2875 1977 8175
429 4942 9097 9986
6099 3465 8948 922
5336 8661 270 7949
7484 5149 7642 3879
803 4603 7908 9649
7699 864 7754 296
643 2818 3556 1390
5518 7881 6772 5533
7870 5948 2822 6947
796 5047 491 2848
5720 7211 3707 1841
2076 3203 2360 2428
1643 3958 7807 1346
9108 420 4823 6639
4990 9752 4317 8379
9115 508 7632 2167
5459 8063 7535 1532
945 6255 3109 9105
323 6665 4544 7896
9330 3478 947 7983
6471 2051 7437 9833
1716 5579 3550 3338
1113 6706 6409 7868
6651 227 8293 4040
6011 2109 9369 6906
2531 8035 9443 3557
1969 2854 5779 3986
7637 2377 7411 6726
8185 4107 4428 4847
6924 979 764 7978
2291 8038 8765 7173
5042 8942 9344 8136
3348 2131 2129 8713
6637 5879 1244 1571
4827 8606 9812 7023
3148 2463 982 7222
4466 1332 6571 6489
5587 2469 3391 8414
290 8957 506 2155
9641 6411 7899 9850
2678 2988 8542 1106
7888 9315 9946 9787
6979 2715 8999 9757
7548 1205 5178 1059
2320 3092 2537 2827
9162 7907 5561 7007
6996 531 7942 7146
8026 7715 6942 6919
6349 703 1782 5484
1484 4236 1096 1727
1153 9542 8030 94
7114 9780 746 3208
1369 9434 3950 4362
6657 1609 8419 9512
3279 4731 2140 6361
6724 1304 3525 161
7034 3072 3086 5307
5355 9597 8387 4182
703 7587 216 6417
6404 7817 8445 962
1906 8852 8330 2395
4187 9642 460 7827
3841 8546 5452 3680
4283 564 928 8977
9276 2395 4715 4015
596 5710 1992 4180
4250 1299 3296 2208
5215 653 195 2820
7430 8200 583 9604
5802 1617 8920 2122
3347 721 1241 4371
6184 8709 2364 2169
2338 6539 1104 8158
6383 4013 2248 4175
9443 632 5313 6623
6190 5736 2364 6587
6149 4698 3935 2947
8305 3029 7394 2855
804 2731 4830 8635
6431 6988 1439 7194
7797 8769 4605 3622
3476 5259 2781 6853
6838 3997 5891 9173
3360 4106 9734 9335
8681 9509 8805 4747
4833 6986 2538 6198
5640 5637 9717 8447
6936 3149 3703 2234
6240 5811 1917 8309
6029 794 1069 5778
7374 2867 4792 8040
350 1812 6973 5604
3054 110 2400 6856
4463 8966 7096 6017
1203 1181 5681 7891
8771 8139 4331 9384
3104 5011 3950 6248
4137 9134 5805 6098
8358 2589 3079 1675
7987 9788 4402 1130
3897 2119 9898 6802
5962 8360 1084 6993
7227 7165 9541 6765
1198 7077 6383 3871
7509 4302 2087 1411
646 1646 4514 8971
881 9004 5314 8672
7596 8868 9870 9716
7838 1492 2065 9767
2071 3799 930 4228
4342 376 2043 471
915 6619 7453 9505
8511 9503 2000 9540
6265 235 2227 7593
7257 7146 317 7542
1032 5932 7092 187
4463 8871 8503 9157
9905 6534 3748 9434
6374 5325 6910 6870
4981 7289 1944 4363
1536 4570 7871 3944
7639 8880 5884 97
7468 5975 6025 7281
4430 9579 1906 4195
920 8893 8449 1487
145 1903 6505 3276
8857 6520 7229 4494
5274 4916 4887 251
3934 6810 9487 2757
2650 1572 6769 5370
8068 1196 7547 2793
2019 2497 1854 531
4657 2939 2469 1381
3467 4803 4843 8974
3401 3402 2401 3150
2203 8675 8319 8367
5332 6137 6563 8884
7204 9062 7709 3331
6866 5271 1336 6335
4572 8885 8847 3190
289 307 2903 1315
3053 4835 6189 8825
8036 6454 8238 8590
7597 238 6207 7635
7180 2928 6375 2769
1496 5462 3068 5162
8674 9442 732 4405
1973 4324 9405 657
2210 3341 4632 2307
489 5263 8176 1899
6205 9604 2795 7492
2850 3801 9842 9002
2456 1108 7809 7295
7439 5032 6570 1955
9038 6113 4473 8381
7264 1010 1515 3877
9126 552 4351 7226
2176 693 5816 3606
8692 8382 296 9690
8511 2620 2182 1216
3025 2045 3728 1069
9757 463 7077 297
7585 8794 7655 2628
7475 4848 883 249
9919 7679 6479 6313
3063 2095 8372 2294
9884 2833 476 8668
5886 9473 5453 3737
1635 9990 1518 259
2302 1391 452 8595
9436 9887 184 9187
7381 7989 4734 1067
5665 8378 5668 2291
3786 8728 1551 4039
7923 4748 1560 3106
8351 3808 5300 7013
6491 9986 3797 6818
5593 8793 1376 5328
3707 6107 8679 1560
6783 2166 4096 4491
4881 3526 543 842
5201 9746 2253 2095
1904 3123 5573 3813
8769 254 8010 872
8214 5259 239 2885
4254 4885 5131 1615
458 7961 992 4888
5930 8320 1205 5088
4923 1889 1845 1749
8990 1202 2714 4098
1316 893 5405 9366
7379 84 2226 4493
5159 6671 6422 2465
7520 491 1555 2631
8714 9057 9532 2547
3564 5722 7376 736
4397 8487 8691 299
1848 3386 768 2483
1744 3164 5358 7252
1127 9123 4327 7584
4459 7365 5793 748
974 1978 7856 7349
9203 767 2113 7387
9788 2766 6489 9489
8741 5263 2332 6258
351 1667 9728 3100
3747 3174 4831 6164
985 5953 2297 236
6517 6523 3317 9169
717 8571 8501 2251
1180 9920 9338 613
4242 2046 3764 6905
274 2982 7309 6096
4278 625 4650 8115
796 8025 3800 559
6344 2860 5056 7176
2781 3940 9383 9452
653 3498 3589 8962
909 2912 4496 2926
4356 5151 4958 8261
1459 4631 9213 3345
6579 5737 6335 4941
8389 7375 4840 1213
425 5812 1313 974
1814 3206 9752 1774
7345 2467 7784 3340
539 9333 5379 2279
4760 5975 5563 1415
794 7298 605 4775
9233 7373 3034 8019
9927 8700 5827 8953
9994 351 4511 7140
8681 1807 4637 5341
5778 7104 5354 2420
3227 7397 6437 1811
7853 9066 3371 3078
3073 9726 6364 5055
9430 2305 7098 476
1143 9356 2084 2924
1936 1136 786 6595
8922 1695 4022 5423
1187 5778 9879 9376
471 5493 3174 6315
2678 8324 4558 6545
2477 5752 9128 2000
228 2985 9136 6225
7815 1371 2340 1219
9628 829 3586 3126
8063 9628 3603 7608
874 9250 5406 3481
7283 1345 4742 9659
2379 9961 9669 378
6100 5935 5712 9875
7146 6328 8920 4848
6544 4960 8778 2338
1049 6171 6868 2363
3952 9112 6878 471
3020 4827 9440 3362
5639 302 6172 5260
6794 9097 263 6920
1901 3972 6110 5975
7367 9048 299 5029
3597 3910 5086 155
3504 4647 1160 3033
2478 8535 4837 9117
9537 5498 4440 4277
8611 6254 5801 612
4196 5404 6429 7143
8646 7177 455 2538
1989 7092 7303 1833
6500 5586 2080 3467
3435 1082 1311 3240
