1000
410 4318 420 4326
410 4318 410 4320
410 4318 412 4320
410 4318 420 4322
410 4318 420 4322
410 4318 416 4326
410 4318 413 4325
410 4318 413 4326
410 4318 418 4320
410 4318 418 4322
410 4318 413 4323
410 4318 413 4325
410 4318 418 4325
410 4318 412 4324
410 4318 415 4327
410 4318 416 4320
410 4318 412 4322
410 4318 416 4324
410 4318 420 4323
410 4318 419 4321
410 4318 419 4328
410 4318 414 4320
410 4318 420 4320
410 4318 412 4323
410 4318 417 4325
410 4318 410 4328
410 4318 415 4328
410 4318 416 4321
410 4318 418 4320
410 4318 410 4327
410 4318 419 4320
410 4318 414 4322
410 4318 418 4319
410 4318 414 4326
410 4318 419 4324
410 4318 415 4320
410 4318 414 4325
410 4318 417 4325
410 4318 411 4319
410 4318 419 4327
410 4318 417 4326
410 4318 415 4327
410 4318 420 4319
410 4318 413 4327
410 4318 417 4323
410 4318 417 4320
410 4318 416 4322
410 4318 413 4327
410 4318 416 4322
410 4318 420 4325
410 4318 419 4322
410 4318 411 4320
410 4318 419 4318
410 4318 411 4324
410 4318 415 4326
410 4318 415 4326
410 4318 414 4319
410 4318 412 4326
410 4318 416 4322
410 4318 417 4321
410 4318 415 4319
410 4318 415 4322
410 4318 410 4319
410 4318 415 4326
410 4318 414 4325
410 4318 419 4322
410 4318 414 4318
410 4318 419 4326
410 4318 414 4320
410 4318 418 4326
410 4318 416 4327
410 4318 418 4320
410 4318 418 4328
410 4318 411 4326
410 4318 410 4321
410 4318 414 4327
410 4318 410 4324
410 4318 417 4325
410 4318 414 4318
410 4318 415 4328
410 4318 411 4324
410 4318 414 4322
410 4318 420 4323
410 4318 415 4320
410 4318 410 4321
410 4318 420 4320
410 4318 412 4322
410 4318 411 4325
410 4318 412 4328
410 4318 410 4321
410 4318 420 4321
410 4318 419 4323
410 4318 420 4326
410 4318 416 4321
410 4318 410 4322
410 4318 418 4328
410 4318 411 4319
410 4318 414 4320
410 4318 412 4318
410 4318 414 4327
410 4318 419 4320
410 4318 416 4321
410 4318 419 4318
410 4318 418 4326
410 4318 419 4318
410 4318 411 4326
410 4318 410 4324
410 4318 411 4328
410 4318 410 4318
410 4318 412 4323
410 4318 414 4318
410 4318 420 4328
410 4318 420 4323
410 4318 416 4319
410 4318 420 4320
410 4318 412 4328
410 4318 410 4324
410 4318 414 4327
410 4318 414 4325
410 4318 416 4319
410 4318 418 4318
410 4318 414 4325
410 4318 417 4326
410 4318 416 4323
410 4318 420 4323
410 4318 414 4326
410 4318 416 4320
410 4318 417 4319
410 4318 413 4321
410 4318 415 4320
410 4318 420 4320
410 4318 417 4326
410 4318 414 4327
410 4318 415 4318
410 4318 410 4324
410 4318 414 4318
410 4318 418 4324
410 4318 413 4326
410 4318 410 4320
410 4318 415 4326
410 4318 415 4326
410 4318 420 4327
410 4318 410 4327
410 4318 412 4325
410 4318 417 4321
410 4318 413 4323
410 4318 412 4323
410 4318 413 4326
410 4318 417 4322
410 4318 418 4324
410 4318 415 4325
410 4318 412 4319
410 4318 419 4318
410 4318 410 4321
410 4318 410 4325
410 4318 415 4323
410 4318 412 4322
410 4318 412 4322
410 4318 419 4318
410 4318 413 4320
410 4318 418 4322
410 4318 419 4322
410 4318 410 4326
410 4318 412 4328
410 4318 413 4325
410 4318 413 4328
410 4318 420 4326
410 4318 416 4321
410 4318 416 4324
410 4318 413 4324
410 4318 411 4323
410 4318 419 4326
410 4318 420 4321
410 4318 413 4327
410 4318 420 4325
410 4318 419 4322
410 4318 416 4325
410 4318 414 4325
410 4318 414 4324
410 4318 412 4322
410 4318 412 4323
410 4318 411 4321
410 4318 416 4319
410 4318 417 4325
410 4318 413 4318
410 4318 415 4326
410 4318 413 4322
410 4318 415 4319
410 4318 418 4321
410 4318 418 4324
410 4318 420 4323
410 4318 411 4324
410 4318 410 4321
410 4318 420 4322
410 4318 418 4320
410 4318 417 4328
410 4318 413 4326
410 4318 419 4326
410 4318 415 4325
410 4318 415 4322
410 4318 411 4326
410 4318 420 4326
410 4318 417 4323
410 4318 416 4322
410 4318 420 4321
410 4318 418 4321
410 4318 417 4325
410 4318 418 4328
410 4318 413 4325
410 4318 419 4325
410 4318 415 4327
410 4318 417 4321
410 4318 420 4324
410 4318 410 4321
410 4318 417 4322
410 4318 420 4324
410 4318 413 4325
410 4318 420 4325
410 4318 410 4318
410 4318 413 4323
410 4318 416 4326
410 4318 412 4318
410 4318 418 4320
410 4318 417 4328
410 4318 415 4327
410 4318 418 4321
410 4318 414 4328
410 4318 413 4320
410 4318 413 4321
410 4318 417 4321
410 4318 417 4327
410 4318 415 4322
410 4318 410 4318
410 4318 419 4322
410 4318 417 4327
410 4318 414 4328
410 4318 420 4320
410 4318 412 4324
410 4318 416 4324
410 4318 414 4325
410 4318 418 4327
410 4318 416 4328
410 4318 411 4319
410 4318 415 4327
410 4318 420 4323
410 4318 413 4328
410 4318 414 4325
410 4318 415 4324
410 4318 418 4320
410 4318 411 4321
410 4318 412 4322
410 4318 414 4321
410 4318 420 4328
410 4318 415 4322
410 4318 410 4321
410 4318 411 4326
410 4318 417 4326
410 4318 419 4325
410 4318 413 4327
410 4318 411 4319
410 4318 411 4320
410 4318 417 4320
410 4318 418 4321
410 4318 415 4319
410 4318 412 4323
410 4318 417 4322
410 4318 418 4320
410 4318 412 4327
410 4318 412 4323
410 4318 418 4323
410 4318 412 4318
410 4318 416 4325
410 4318 413 4328
410 4318 416 4320
410 4318 414 4324
410 4318 416 4323
410 4318 417 4323
410 4318 416 4321
410 4318 412 4320
410 4318 415 4318
410 4318 413 4323
410 4318 417 4328
410 4318 418 4327
410 4318 411 4325
410 4318 412 4328
410 4318 420 4327
410 4318 415 4320
410 4318 411 4321
410 4318 415 4324
410 4318 420 4323
410 4318 418 4327
410 4318 411 4323
410 4318 416 4322
410 4318 414 4325
410 4318 416 4327
410 4318 411 4325
410 4318 416 4325
410 4318 415 4326
410 4318 415 4321
410 4318 412 4324
410 4318 412 4323
410 4318 417 4328
410 4318 412 4323
410 4318 410 4325
410 4318 420 4324
410 4318 414 4326
410 4318 410 4326
410 4318 411 4322
410 4318 410 4325
410 4318 413 4322
410 4318 410 4322
410 4318 410 4320
410 4318 420 4325
410 4318 420 4321
410 4318 417 4320
410 4318 415 4318
410 4318 418 4325
410 4318 411 4320
410 4318 417 4318
410 4318 414 4328
410 4318 417 4324
410 4318 413 4326
410 4318 411 4326
410 4318 412 4321
410 4318 417 4318
410 4318 414 4321
410 4318 415 4323
410 4318 411 4321
410 4318 416 4320
410 4318 413 4328
410 4318 420 4319
410 4318 418 4326
410 4318 418 4325
410 4318 415 4326
410 4318 417 4322
410 4318 410 4327
410 4318 415 4320
410 4318 418 4319
410 4318 414 4322
410 4318 414 4328
410 4318 410 4327
410 4318 414 4325
410 4318 420 4323
410 4318 417 4323
410 4318 412 4321
410 4318 414 4328
410 4318 418 4319
410 4318 417 4318
410 4318 418 4321
410 4318 418 4328
410 4318 417 4320
410 4318 414 4324
410 4318 417 4319
410 4318 415 4328
410 4318 419 4328
410 4318 418 4326
410 4318 414 4325
410 4318 411 4319
410 4318 415 4319
410 4318 414 4327
410 4318 416 4323
410 4318 417 4325
410 4318 417 4319
410 4318 415 4319
410 4318 410 4320
410 4318 414 4320
410 4318 416 4325
410 4318 416 4325
410 4318 416 4318
410 4318 420 4328
410 4318 417 4321
410 4318 420 4324
410 4318 415 4327
410 4318 420 4328
410 4318 418 4326
410 4318 413 4319
410 4318 418 4319
410 4318 413 4326
410 4318 419 4320
410 4318 414 4326
410 4318 418 4325
410 4318 412 4325
410 4318 411 4319
410 4318 411 4326
410 4318 415 4323
410 4318 418 4328
410 4318 413 4319
410 4318 420 4324
410 4318 415 4326
410 4318 416 4325
410 4318 419 4318
410 4318 411 4325
410 4318 414 4322
410 4318 417 4320
410 4318 420 4318
410 4318 417 4327
410 4318 413 4323
410 4318 416 4327
410 4318 415 4322
410 4318 420 4326
410 4318 415 4328
410 4318 420 4323
410 4318 419 4326
410 4318 413 4325
410 4318 412 4319
410 4318 411 4325
410 4318 413 4318
410 4318 412 4319
410 4318 413 4325
410 4318 415 4327
410 4318 416 4319
410 4318 416 4320
410 4318 419 4327
410 4318 411 4320
410 4318 418 4319
410 4318 420 4327
410 4318 413 4318
410 4318 418 4327
410 4318 413 4318
410 4318 411 4318
410 4318 418 4323
410 4318 413 4321
410 4318 412 4327
410 4318 416 4324
410 4318 412 4321
410 4318 414 4318
410 4318 410 4326
410 4318 415 4327
410 4318 419 4326
410 4318 419 4324
410 4318 414 4324
410 4318 416 4324
410 4318 412 4323
410 4318 415 4319
410 4318 411 4324
410 4318 419 4325
410 4318 418 4325
410 4318 416 4320
410 4318 418 4328
410 4318 410 4328
410 4318 418 4328
410 4318 416 4323
410 4318 411 4325
410 4318 414 4318
410 4318 416 4328
410 4318 415 4318
410 4318 417 4328
410 4318 414 4327
410 4318 420 4327
410 4318 412 4326
410 4318 414 4327
410 4318 414 4319
410 4318 413 4319
410 4318 419 4326
410 4318 417 4327
410 4318 416 4327
410 4318 411 4320
410 4318 419 4319
410 4318 411 4320
410 4318 420 4318
410 4318 411 4325
410 4318 414 4320
410 4318 410 4324
410 4318 414 4325
410 4318 414 4326
410 4318 415 4323
410 4318 416 4326
410 4318 417 4325
410 4318 414 4325
410 4318 415 4321
410 4318 420 4327
410 4318 410 4327
410 4318 410 4319
410 4318 411 4326
410 4318 418 4319
410 4318 417 4319
410 4318 413 4327
410 4318 412 4318
410 4318 415 4320
410 4318 418 4325
410 4318 420 4327
410 4318 414 4320
410 4318 419 4323
410 4318 420 4327
410 4318 411 4318
410 4318 419 4320
410 4318 410 4319
410 4318 410 4326
410 4318 415 4318
410 4318 410 4319
410 4318 410 4320
410 4318 420 4325
410 4318 415 4320
410 4318 414 4319
410 4318 416 4318
410 4318 417 4328
410 4318 412 4321
410 4318 416 4328
410 4318 418 4327
410 4318 418 4323
410 4318 417 4328
410 4318 419 4324
410 4318 411 4324
410 4318 414 4327
410 4318 420 4324
410 4318 417 4322
410 4318 419 4327
410 4318 410 4322
410 4318 413 4322
410 4318 412 4320
410 4318 411 4326
410 4318 410 4325
410 4318 416 4319
410 4318 419 4325
410 4318 411 4322
410 4318 411 4324
410 4318 420 4325
410 4318 410 4328
410 4318 418 4319
410 4318 415 4322
410 4318 419 4323
410 4318 413 4328
410 4318 411 4325
410 4318 419 4319
410 4318 411 4323
410 4318 412 4318
410 4318 418 4319
410 4318 410 4318
410 4318 417 4319
410 4318 415 4327
410 4318 412 4325
410 4318 413 4322
410 4318 413 4320
410 4318 411 4321
410 4318 415 4327
410 4318 414 4322
410 4318 414 4321
410 4318 419 4323
410 4318 415 4323
410 4318 418 4325
410 4318 418 4324
410 4318 415 4326
410 4318 419 4321
410 4318 414 4324
410 4318 414 4323
410 4318 420 4326
410 4318 411 4325
410 4318 417 4318
410 4318 411 4323
410 4318 411 4326
410 4318 411 4325
410 4318 420 4323
410 4318 410 4321
410 4318 417 4324
410 4318 413 4323
410 4318 419 4322
410 4318 410 4327
410 4318 411 4322
410 4318 420 4327
410 4318 411 4321
410 4318 410 4319
410 4318 416 4328
410 4318 420 4318
410 4318 413 4320
410 4318 418 4319
410 4318 418 4322
410 4318 420 4326
410 4318 410 4323
410 4318 411 4326
410 4318 410 4325
410 4318 420 4322
410 4318 412 4325
410 4318 410 4326
410 4318 416 4319
410 4318 412 4326
410 4318 418 4323
410 4318 414 4319
410 4318 411 4319
410 4318 414 4320
410 4318 413 4320
410 4318 416 4328
410 4318 417 4318
410 4318 415 4321
410 4318 419 4326
410 4318 412 4324
410 4318 418 4327
410 4318 416 4328
410 4318 417 4326
410 4318 419 4322
410 4318 410 4318
410 4318 416 4328
410 4318 410 4326
410 4318 419 4326
410 4318 420 4328
410 4318 411 4318
410 4318 410 4320
410 4318 410 4325
410 4318 419 4325
410 4318 412 4324
410 4318 420 4325
410 4318 416 4323
410 4318 414 4326
410 4318 415 4328
410 4318 413 4319
410 4318 411 4320
410 4318 411 4319
410 4318 417 4323
410 4318 411 4328
410 4318 419 4324
410 4318 414 4327
410 4318 420 4326
410 4318 412 4320
410 4318 418 4326
410 4318 413 4318
410 4318 418 4328
410 4318 412 4319
410 4318 419 4319
410 4318 410 4323
410 4318 414 4319
410 4318 411 4319
410 4318 413 4321
410 4318 417 4318
410 4318 420 4328
410 4318 413 4324
410 4318 412 4324
410 4318 411 4324
410 4318 418 4319
410 4318 420 4322
410 4318 414 4323
410 4318 413 4318
410 4318 420 4328
410 4318 410 4321
410 4318 418 4326
410 4318 418 4318
410 4318 410 4328
410 4318 413 4327
410 4318 420 4321
410 4318 410 4326
410 4318 413 4325
410 4318 411 4320
410 4318 418 4323
410 4318 415 4320
410 4318 414 4321
410 4318 417 4320
410 4318 412 4327
410 4318 418 4326
410 4318 410 4320
410 4318 418 4325
410 4318 415 4325
410 4318 416 4321
410 4318 412 4323
410 4318 416 4325
410 4318 414 4328
410 4318 414 4325
410 4318 417 4323
410 4318 410 4323
410 4318 416 4320
410 4318 415 4321
410 4318 415 4328
410 4318 416 4328
410 4318 417 4323
410 4318 415 4320
410 4318 419 4324
410 4318 412 4319
410 4318 414 4321
410 4318 419 4324
410 4318 411 4322
410 4318 411 4322
410 4318 419 4321
410 4318 419 4324
410 4318 419 4321
410 4318 415 4325
410 4318 420 4320
410 4318 412 4327
410 4318 416 4320
410 4318 417 4324
410 4318 418 4321
410 4318 417 4318
410 4318 411 4322
410 4318 418 4325
410 4318 410 4321
410 4318 418 4322
410 4318 416 4319
410 4318 413 4325
410 4318 412 4321
410 4318 416 4319
410 4318 416 4328
410 4318 411 4328
410 4318 418 4321
410 4318 415 4319
410 4318 416 4319
410 4318 414 4328
410 4318 420 4321
410 4318 418 4327
410 4318 415 4327
410 4318 412 4321
410 4318 417 4324
410 4318 415 4326
410 4318 414 4318
410 4318 413 4326
410 4318 417 4323
410 4318 414 4326
410 4318 417 4320
410 4318 413 4321
410 4318 415 4320
410 4318 413 4324
410 4318 416 4318
410 4318 411 4324
410 4318 414 4321
410 4318 410 4325
410 4318 418 4326
410 4318 411 4320
410 4318 418 4322
410 4318 413 4322
410 4318 412 4319
410 4318 416 4324
410 4318 411 4325
410 4318 418 4326
410 4318 411 4326
410 4318 418 4318
410 4318 417 4322
410 4318 414 4319
410 4318 415 4318
410 4318 411 4321
410 4318 410 4325
410 4318 412 4319
410 4318 413 4326
410 4318 410 4321
410 4318 418 4318
410 4318 410 4319
410 4318 415 4326
410 4318 412 4324
410 4318 414 4325
410 4318 414 4328
410 4318 410 4321
410 4318 417 4318
410 4318 420 4323
410 4318 413 4327
410 4318 411 4322
410 4318 419 4322
410 4318 416 4328
410 4318 416 4319
410 4318 412 4327
410 4318 418 4322
410 4318 415 4326
410 4318 415 4326
410 4318 411 4328
410 4318 416 4324
410 4318 415 4321
410 4318 416 4327
410 4318 419 4321
410 4318 418 4320
410 4318 410 4326
410 4318 420 4318
410 4318 415 4318
410 4318 420 4326
410 4318 419 4318
410 4318 417 4321
410 4318 417 4328
410 4318 417 4320
410 4318 418 4328
410 4318 420 4318
410 4318 416 4326
410 4318 410 4321
410 4318 420 4318
410 4318 414 4323
410 4318 417 4326
410 4318 413 4328
410 4318 419 4324
410 4318 416 4320
410 4318 419 4319
410 4318 420 4321
410 4318 417 4323
410 4318 414 4322
410 4318 417 4321
410 4318 411 4319
410 4318 411 4320
410 4318 420 4318
410 4318 411 4323
410 4318 415 4327
410 4318 413 4319
410 4318 417 4325
410 4318 415 4326
410 4318 413 4318
410 4318 410 4321
410 4318 412 4327
410 4318 410 4327
410 4318 412 4319
410 4318 415 4325
410 4318 418 4324
410 4318 417 4328
410 4318 412 4327
410 4318 417 4324
410 4318 419 4328
410 4318 418 4327
410 4318 420 4320
410 4318 419 4318
410 4318 419 4324
410 4318 414 4319
410 4318 412 4328
410 4318 417 4323
410 4318 411 4322
410 4318 415 4325
410 4318 413 4321
410 4318 420 4318
410 4318 418 4318
410 4318 418 4322
410 4318 419 4328
410 4318 420 4322
410 4318 412 4325
410 4318 419 4323
410 4318 416 4319
410 4318 416 4324
410 4318 417 4320
410 4318 411 4328
410 4318 414 4326
410 4318 411 4324
410 4318 412 4324
410 4318 417 4323
410 4318 413 4323
410 4318 414 4324
410 4318 419 4318
410 4318 410 4319
410 4318 415 4325
410 4318 411 4326
410 4318 412 4326
410 4318 417 4318
410 4318 414 4324
410 4318 418 4320
410 4318 410 4327
410 4318 416 4326
410 4318 413 4320
410 4318 416 4324
410 4318 410 4322
410 4318 419 4321
410 4318 419 4321
410 4318 413 4318
410 4318 411 4323
410 4318 420 4319
410 4318 417 4323
410 4318 410 4319
410 4318 420 4328
410 4318 415 4325
410 4318 418 4321
410 4318 420 4319
410 4318 417 4324
410 4318 418 4322
410 4318 420 4326
410 4318 411 4322
410 4318 417 4326
410 4318 410 4327
410 4318 419 4321
410 4318 419 4319
410 4318 411 4327
410 4318 413 4326
410 4318 417 4326
410 4318 417 4321
410 4318 418 4324
410 4318 417 4318
410 4318 420 4321
410 4318 417 4323
410 4318 419 4322
410 4318 411 4323
410 4318 419 4326
410 4318 413 4321
410 4318 411 4321
410 4318 416 4321
410 4318 412 4326
410 4318 416 4320
410 4318 419 4321
410 4318 411 4325
410 4318 418 4323
410 4318 411 4324
410 4318 414 4322
410 4318 417 4324
410 4318 410 4321
410 4318 417 4322
410 4318 417 4327
410 4318 414 4327
410 4318 420 4323
410 4318 418 4325
410 4318 418 4327
410 4318 414 4319
410 4318 414 4318
410 4318 411 4318
410 4318 417 4318
410 4318 415 4318
410 4318 417 4321
410 4318 417 4322
410 4318 410 4318
410 4318 414 4319
410 4318 415 4327
410 4318 418 4327
410 4318 415 4328
410 4318 414 4328
410 4318 415 4320
410 4318 410 4328
410 4318 420 4320
410 4318 410 4321
410 4318 413 4319
410 4318 411 4320
410 4318 412 4326
410 4318 410 4324
410 4318 410 4325
410 4318 418 4323
410 4318 417 4327
410 4318 417 4328
410 4318 416 4319
410 4318 411 4320
410 4318 412 4319
410 4318 413 4321
410 4318 411 4325
410 4318 417 4320
410 4318 415 4318
410 4318 411 4326
410 4318 418 4324
410 4318 411 4320
410 4318 416 4326
410 4318 415 4318
410 4318 415 4324
410 4318 412 4318
410 4318 418 4319
410 4318 411 4328
410 4318 420 4321
410 4318 414 4318
410 4318 411 4319
410 4318 416 4324
410 4318 416 4320
410 4318 410 4321
410 4318 419 4327
410 4318 414 4319
410 4318 411 4324
410 4318 411 4323
410 4318 413 4326
410 4318 411 4324
410 4318 414 4327
410 4318 418 4320
410 4318 411 4319
410 4318 415 4327
410 4318 419 4327
410 4318 410 4325
410 4318 410 4327
410 4318 410 4322
410 4318 417 4324
410 4318 414 4328
410 4318 419 4321
410 4318 419 4324
410 4318 420 4318
410 4318 416 4327
410 4318 414 4320
410 4318 410 4323
410 4318 417 4327
410 4318 418 4327
410 4318 415 4324
410 4318 415 4320
410 4318 418 4320
410 4318 410 4321
410 4318 417 4326
410 4318 412 4327
410 4318 418 4322
410 4318 415 4324
410 4318 412 4325
410 4318 417 4322
410 4318 412 4319
410 4318 411 4318
410 4318 415 4322
410 4318 410 4320
410 4318 419 4318
410 4318 416 4327
410 4318 419 4321
410 4318 415 4327
410 4318 411 4322
410 4318 412 4323
410 4318 412 4327
410 4318 410 4322
410 4318 418 4328
410 4318 416 4323
410 4318 417 4326
410 4318 419 4318
410 4318 410 4325
410 4318 420 4318
410 4318 410 4322
410 4318 412 4326
410 4318 414 4325
410 4318 420 4324
410 4318 415 4321
410 4318 417 4321
410 4318 416 4322
410 4318 412 4325
410 4318 419 4326
410 4318 418 4318
410 4318 414 4325
410 4318 414 4319
410 4318 412 4327
410 4318 414 4319
410 4318 420 4318
410 4318 412 4321
410 4318 410 4326
410 4318 414 4322
410 4318 410 4323
