1000
4195 4685 4195 4687
8403 901 8405 902
7242 8872 7249 8881
8375 6763 8380 6772
8012 9351 8013 9359
9890 5626 9892 5633
3042 8259 3051 8262
5120 1300 5121 1301
5985 8062 5987 8072
846 5371 851 5374
6127 3031 6130 3032
1678 1954 1683 1960
1315 5501 1325 5507
1136 1447 1144 1449
1589 5886 1596 5890
9060 9449 9065 9457
9395 8644 9401 8650
5898 4565 5906 4574
9470 2960 9473 2970
6788 2361 6788 2369
7863 8754 7864 8754
2084 5783 2091 5793
3552 1943 3554 1946
3276 3931 3277 3936
4458 2768 4461 2775
9207 6901 9212 6902
1744 6451 1745 6459
8812 8206 8822 8206
8843 3477 8850 3478
1143 6385 1148 6386
211 631 217 636
4562 634 4564 641
5276 6603 5280 6609
5387 9291 5395 9298
7625 6790 7635 6799
6879 7948 6889 7958
3308 6338 3315 6342
4606 5033 4612 5033
5665 230 5672 232
2738 3860 2747 3870
2346 8031 2348 8031
9205 9454 9207 9464
8127 6177 8132 6187
6008 2065 6008 2067
8403 1181 8404 1186
8088 6681 8093 6689
8786 3655 8796 3657
7515 2644 7516 2650
2558 5822 2566 5823
5285 8109 5286 8119
4295 5662 4302 5666
7728 2951 7737 2956
6006 9038 6006 9047
7602 761 7603 766
4416 9370 4421 9380
3897 3119 3899 3123
8942 5047 8952 5057
3165 8721 3174 8730
4393 1736 4399 1741
6562 6790 6569 6794
7711 3069 7721 3074
3830 188 3837 198
1441 3417 1445 3417
8410 1386 8419 1392
8307 1914 8307 1923
644 4896 646 4903
8507 7976 8511 7984
4775 2952 4780 2961
6021 9968 6026 9972
165 1429 175 1439
6720 1439 6730 1442
4700 632 4708 638
4420 9739 4421 9746
4645 2827 4650 2829
812 4783 813 4792
9609 1534 9616 1538
1511 7783 1516 7784
1095 4870 1103 4875
6310 5859 6317 5864
8365 2980 8371 2982
2729 4164 2729 4170
6992 3601 6995 3606
267 4414 268 4419
5948 7114 5949 7122
6780 8532 6783 8538
5285 1807 5286 1816
7667 8045 7677 8051
1034 416 1034 420
4580 2335 4587 2344
7810 7312 7818 7312
1735 301 1742 310
7415 1003 7418 1009
1418 3677 1426 3681
5485 5296 5490 5303
3350 4689 3359 4693
5105 7426 5111 7436
9761 4925 9769 4926
2247 50 2255 56
2225 1144 2235 1146
2148 8081 2150 8081
3642 1575 3650 1583
8745 2345 8746 2345
7034 887 7041 887
8314 277 8315 277
7076 4371 7076 4381
6295 729 6297 736
1873 4369 1878 4369
4334 9529 4336 9535
2988 3498 2993 3508
7717 5040 7720 5047
5927 5967 5935 5975
8118 8130 8125 8140
2510 5523 2519 5529
6252 3482 6256 3482
9725 1145 9728 1155
684 7249 686 7254
2630 1048 2632 1055
6088 4892 6098 4895
2742 9531 2752 9536
7670 4250 7675 4255
1656 4366 1662 4369
9722 3845 9731 3854
6864 7578 6874 7578
6710 7461 6714 7462
8510 2275 8515 2279
9041 8572 9045 8574
9986 8539 9986 8542
2798 2492 2803 2497
8732 6238 8736 6247
1966 5920 1973 5921
3507 5220 3507 5227
4564 3248 4574 3251
7397 3030 7399 3035
3485 1837 3492 1843
2259 2786 2259 2793
5279 6514 5286 6519
4635 9390 4636 9400
5320 4179 5320 4185
1282 5585 1285 5595
717 4261 717 4264
7291 4135 7301 4137
7846 6569 7849 6573
9356 1052 9362 1055
9440 2200 9442 2200
1599 4914 1606 4915
976 1765 983 1771
9225 4198 9229 4207
8459 801 8462 805
6810 8268 6815 8270
6720 8317 6723 8325
1252 3710 1255 3717
5910 3160 5911 3165
9948 4858 9951 4864
6623 1456 6629 1464
5654 5054 5654 5064
7729 3262 7739 3266
1539 5815 1548 5820
6015 5877 6017 5877
9588 8840 9589 8845
3883 2141 3891 2141
6999 8718 6999 8727
2057 1724 2057 1730
8653 4686 8658 4686
7948 9230 7950 9233
6929 2046 6934 2055
9797 7740 9802 7748
8464 5703 8468 5708
9719 9190 9725 9191
9791 6603 9795 6609
211 9237 213 9241
5806 8918 5814 8923
41 9961 42 9969
3890 402 3900 408
26 3910 31 3912
9614 5516 9621 5525
4716 2684 4722 2686
1170 3952 1176 3962
5072 9701 5081 9707
8629 1150 8638 1154
2994 5414 3003 5424
5816 7455 5820 7461
3249 7439 3252 7448
2965 8945 2975 8955
3512 5806 3518 5811
1641 2338 1643 2338
2048 75 2054 75
1225 7881 1234 7883
3304 645 3309 652
9975 5453 9979 5462
4775 1197 4784 1204
2025 3959 2026 3967
1648 3268 1651 3275
7480 49 7488 54
125 3244 129 3246
3008 7085 3014 7087
9605 4189 9608 4198
1525 2298 1530 2305
5369 2693 5379 2694
6652 6986 6662 6995
2137 6917 2141 6917
6966 9108 6974 9118
2361 5009 2371 5011
3978 3400 3984 3405
7590 891 7594 898
5064 7895 5073 7902
2471 6981 2480 6988
3976 6408 3984 6414
3334 6537 3340 6538
5654 6776 5660 6779
3669 3357 3671 3362
8632 2590 8635 2596
3481 69 3489 74
9838 8286 9843 8291
5276 2465 5282 2466
8873 4513 8883 4514
2933 6744 2943 6747
5403 5559 5412 5564
800 9384 801 9393
1983 5481 1989 5483
7424 6658 7431 6662
6827 521 6832 531
4860 6670 4870 6670
1193 6126 1198 6135
2879 5991 2888 5996
3434 8713 3435 8718
8106 9724 8106 9726
7088 4978 7088 4983
3519 844 3523 849
3239 7023 3239 7032
3702 1347 3707 1355
7473 7189 7480 7189
3189 9250 3199 9253
7972 9766 7979 9766
1382 2046 1388 2051
7024 4885 7034 4889
5729 435 5736 436
7458 8999 7459 9004
355 6432 355 6436
3630 2601 3631 2606
3734 2476 3742 2486
4125 3697 4126 3699
5744 5252 5753 5257
147 2621 154 2627
3056 9861 3059 9863
753 7561 761 7563
5876 5264 5877 5270
7866 4642 7871 4643
7118 5418 7128 5420
9115 517 9119 517
7644 8254 7646 8255
884 364 890 371
2109 7909 2114 7916
7354 5537 7364 5537
811 8539 814 8540
3190 973 3193 981
8265 3000 8271 3002
5391 5837 5399 5837
5974 9292 5980 9302
1539 3900 1547 3910
3692 6525 3699 6525
2071 4238 2079 4245
2786 8924 2788 8924
1780 1243 1786 1248
4243 7244 4246 7245
4964 5341 4974 5342
6516 1037 6523 1042
6811 6118 6820 6120
2652 1981 2656 1984
8093 7737 8101 7739
8544 8553 8553 8563
9796 2547 9806 2551
1674 9705 1675 9708
6929 3885 6933 3885
6796 9149 6804 9158
7150 738 7156 742
4593 9446 4594 9456
9067 1528 9075 1535
91 7953 96 7960
2383 224 2386 229
1812 5142 1818 5146
910 175 911 183
1207 3105 1208 3114
3843 7336 3845 7341
8666 216 8668 219
3619 356 3619 366
192 5208 192 5213
7307 5056 7310 5057
2081 1095 2085 1104
3144 7581 3154 7587
2569 3913 2571 3913
3133 6516 3133 6520
8606 3505 8613 3505
5735 6804 5741 6811
3896 7056 3899 7062
3995 2649 4000 2653
5618 3842 5624 3849
3306 3532 3311 3537
7446 3344 7450 3349
1743 4662 1745 4664
50 7577 55 7587
6264 4168 6265 4168
3107 5856 3113 5858
388 7344 391 7353
1195 6014 1195 6023
1430 3530 1437 3533
8748 8306 8758 8315
4851 9365 4857 9366
6951 7199 6952 7199
3251 6167 3258 6168
2032 406 2039 408
7750 416 7760 424
8305 6960 8313 6969
2373 9464 2373 9466
9654 3724 9655 3734
4972 4363 4972 4368
3445 3870 3452 3880
47 4181 54 4185
6462 4039 6464 4041
4456 6683 4465 6685
5527 4137 5536 4141
3610 4891 3617 4899
498 6292 500 6299
2538 2844 2547 2844
6715 6315 6722 6318
2380 3258 2383 3259
7298 7098 7302 7103
5665 3753 5668 3753
9764 2678 9769 2679
9443 5646 9444 5647
1948 1959 1952 1962
4804 4705 4806 4707
2903 674 2908 683
5806 897 5814 905
9870 4712 9870 4713
348 8788 351 8791
3349 5234 3358 5242
890 7668 893 7676
9628 1928 9630 1935
8507 5309 8516 5313
7857 9890 7865 9893
2670 226 2679 232
6812 9167 6820 9176
9839 4226 9843 4235
9461 6419 9462 6420
4097 4381 4103 4383
6310 1784 6315 1792
8967 1658 8968 1659
1557 464 1566 474
2564 1058 2566 1064
2108 4258 2115 4266
368 9459 370 9469
5887 6784 5897 6787
3048 2775 3048 2778
4559 7533 4561 7537
9191 6071 9198 6074
8409 4641 8419 4647
7573 3024 7581 3034
9156 2544 9159 2546
2012 4306 2019 4311
2973 5191 2978 5198
9840 7251 9840 7254
4794 3340 4796 3342
1295 5828 1303 5838
479 9116 484 9122
2149 6685 2152 6685
9229 5022 9238 5027
9328 3967 9332 3973
1042 2683 1046 2690
1817 7479 1817 7481
2703 4507 2708 4510
345 4746 355 4746
5745 8155 5748 8159
4850 8503 4858 8507
5408 5687 5418 5692
9655 129 9655 130
4686 9146 4688 9148
8509 8151 8509 8154
2667 1244 2669 1247
5990 2687 5995 2697
2726 4596 2733 4602
4982 4486 4984 4488
183 2643 193 2653
4646 5958 4654 5966
6987 3403 6987 3412
3437 4600 3445 4609
5844 7576 5849 7584
273 8585 275 8593
5064 739 5068 746
7099 7879 7109 7883
532 1229 535 1236
9061 818 9069 828
6096 4122 6098 4130
605 5804 611 5814
3389 405 3389 405
873 1267 875 1267
3880 4750 3881 4756
2639 3951 2643 3961
5180 4788 5183 4793
7481 6626 7488 6626
757 9386 763 9395
5199 2533 5208 2534
4812 3617 4815 3624
6758 184 6766 189
4934 3254 4934 3262
7205 7412 7209 7414
2209 4734 2216 4739
1369 4468 1370 4469
3864 8288 3874 8293
2704 8806 2709 8812
4306 1184 4310 1192
3242 2346 3247 2347
5600 8979 5602 8985
6400 4017 6400 4021
634 1242 637 1247
5710 7226 5711 7228
7397 6999 7407 7009
7688 5696 7688 5698
8754 8341 8756 8345
696 2304 702 2312
1293 3455 1303 3461
9346 5580 9346 5588
6822 4010 6832 4011
3119 5504 3121 5513
4386 8277 4392 8287
5857 3892 5864 3898
4116 4671 4124 4681
6975 574 6975 575
4029 9606 4031 9615
7069 3545 7070 3547
7555 999 7561 999
6503 6073 6505 6079
6234 5591 6240 5599
1366 4576 1368 4578
9247 5229 9247 5237
5803 8916 5813 8926
8531 1742 8537 1744
5287 8474 5287 8481
9474 5342 9480 5346
3298 2249 3304 2255
7840 7373 7846 7374
1958 245 1958 251
5474 633 5480 643
9549 3217 9551 3222
6833 6228 6838 6234
4712 4482 4722 4487
9824 7896 9830 7901
154 4581 161 4583
1963 6188 1968 6188
6433 1297 6436 1300
3804 1970 3811 1979
7061 8080 7063 8089
4318 6423 4320 6431
914 8519 921 8520
8298 2803 8299 2806
7384 8426 7390 8433
6497 3054 6503 3063
4351 5920 4352 5927
7891 3692 7893 3701
3655 493 3655 498
8791 8655 8799 8655
9057 9625 9062 9630
2438 6215 2445 6219
6524 7913 6533 7915
977 9963 986 9965
5893 6458 5897 6467
2033 2525 2039 2531
4892 1385 4895 1389
1923 6315 1929 6316
7823 5743 7829 5743
3841 6064 3845 6067
5861 4912 5861 4912
6759 3132 6765 3139
9590 3173 9591 3183
5698 848 5704 855
4108 6624 4115 6633
4822 1456 4826 1456
9073 9133 9080 9143
7081 4901 7085 4910
1697 2333 1707 2335
5465 7595 5475 7598
778 3211 779 3211
5933 1533 5934 1540
8158 8874 8163 8881
339 8734 340 8743
7877 8570 7882 8576
5354 1274 5356 1283
3607 9590 3616 9600
7194 2273 7194 2281
7358 231 7360 231
1764 922 1769 923
9796 5064 9796 5073
3808 448 3811 458
901 7534 903 7542
691 8336 695 8338
9809 6338 9809 6340
8611 6904 8614 6914
7135 8831 7139 8834
1636 8262 1639 8270
5210 7383 5218 7386
7831 8650 7837 8650
8067 4887 8068 4893
3232 3945 3233 3948
292 3951 294 3961
864 2570 871 2575
1410 1686 1419 1686
1831 3252 1837 3253
2518 5455 2522 5458
5988 4294 5995 4302
1064 9721 1070 9727
3675 3404 3682 3409
7355 1175 7360 1182
5619 9026 5625 9036
721 2522 725 2524
7649 3954 7656 3954
9409 5050 9412 5059
1228 5258 1238 5268
4988 7934 4990 7940
1347 5818 1349 5825
8867 6775 8870 6780
5810 4419 5817 4426
6941 9117 6948 9126
3080 9939 3089 9941
4999 2816 5000 2817
8075 4888 8081 4888
4705 6991 4706 6997
4693 5639 4699 5640
4297 1081 4302 1088
5500 5231 5501 5241
4357 5119 4362 5125
5067 3088 5070 3089
5905 5353 5911 5355
251 6705 252 6706
3705 69 3715 70
5708 1412 5709 1416
4368 5673 4374 5677
914 2410 922 2415
9403 8758 9408 8759
1855 8284 1865 8291
5521 4614 5525 4619
3202 8199 3207 8204
151 5503 157 5507
8790 2923 8791 2928
8597 1637 8600 1642
4047 1004 4057 1013
1645 5014 1649 5018
3308 8124 3309 8128
4622 2407 4627 2412
2489 9095 2497 9105
4608 5688 4613 5690
494 8131 503 8137
1651 3375 1654 3376
6253 917 6259 919
5931 2736 5937 2736
2743 2057 2750 2064
6338 201 6343 201
9297 3697 9305 3699
1268 5608 1272 5610
5623 1409 5633 1411
6658 6980 6661 6981
7897 5896 7898 5905
515 9732 523 9740
3672 8668 3676 8670
8870 9580 8878 9589
5161 5956 5171 5961
1574 8799 1581 8802
217 4687 221 4693
1676 1219 1677 1224
8990 6256 8992 6256
5997 2136 6003 2146
2688 9029 2688 9037
8618 2304 8620 2312
143 9347 146 9347
8155 2176 8158 2186
8737 9026 8741 9031
254 693 261 696
6949 2803 6958 2813
6813 9037 6821 9041
8075 6081 8085 6089
268 4577 276 4578
3933 2601 3939 2610
6652 6675 6660 6684
5710 3240 5719 3240
3933 7078 3937 7084
9881 1491 9888 1493
537 3986 544 3990
1950 9166 1960 9172
3752 9573 3759 9578
4058 391 4064 393
7066 7767 7072 7770
1016 1326 1021 1331
8405 3356 8406 3365
6721 9065 6723 9073
3060 4980 3066 4987
4155 6836 4156 6839
8293 5492 8293 5500
5883 1026 5888 1032
676 6701 685 6701
9902 3882 9905 3883
7238 1869 7240 1873
943 9134 951 9137
4123 2747 4123 2748
1467 5633 1473 5634
3008 7428 3016 7434
337 8956 347 8956
7540 5109 7542 5115
874 6851 878 6856
8720 8028 8726 8032
7171 7074 7179 7075
1705 3953 1710 3961
1469 1415 1472 1415
726 6944 732 6945
7783 868 7788 871
7851 412 7852 420
7263 2326 7264 2331
2237 2695 2242 2701
9770 603 9777 605
6431 7806 6432 7807
9222 1354 9229 1359
181 7639 181 7640
390 8719 390 8724
1015 9846 1024 9847
2182 5708 2189 5717
8403 9324 8405 9326
1810 2062 1816 2071
9869 1836 9874 1842
5064 2295 5070 2305
1817 7583 1818 7587
6312 2155 6321 2156
3884 7435 3891 7440
5026 5525 5031 5529
6732 1837 6736 1842
5773 685 5783 693
2521 8575 2524 8577
879 1332 887 1339
8915 3564 8925 3574
7593 9110 7599 9116
6555 3818 6558 3821
1226 3679 1232 3685
7390 4165 7398 4175
6724 8935 6733 8941
9394 9215 9396 9216
2430 7186 2437 7186
2633 3514 2639 3520
2633 6669 2640 6670
2370 3031 2371 3040
8584 5196 8591 5203
1244 5580 1248 5585
6399 9863 6401 9866
970 9694 974 9698
8763 4694 8771 4694
91 8852 99 8853
7404 5236 7407 5240
150 2089 150 2094
9160 2449 9168 2456
9904 5766 9905 5768
7512 7488 7516 7491
9065 1964 9071 1970
6659 2280 6659 2283
1141 4641 1141 4649
1760 8903 1769 8906
2875 9214 2878 9221
3547 7256 3557 7257
3031 4597 3032 4597
3968 5652 3968 5655
7616 4686 7619 4690
8840 5764 8846 5766
2288 8024 2292 8030
6936 4380 6943 4380
5477 2244 5477 2254
9500 1828 9502 1838
6425 7896 6426 7897
5431 7760 5436 7760
4329 1839 4338 1847
7603 4016 7613 4021
2050 9210 2053 9211
5473 9286 5476 9294
1539 1935 1548 1938
3763 8109 3765 8118
7888 6061 7898 6064
5704 1550 5705 1554
3390 7484 3397 7494
1510 3895 1515 3902
4989 6104 4989 6110
5399 2625 5404 2628
4560 5173 4563 5176
3291 963 3299 966
8898 6627 8900 6634
8177 2786 8182 2787
280 5381 286 5383
1159 2861 1163 2870
8965 9158 8974 9163
1792 1808 1799 1811
6981 8687 6989 8696
1533 8837 1538 8841
7347 9735 7353 9740
2531 5337 2535 5337
2601 7194 2608 7204
64 1213 72 1214
380 2169 388 2175
5851 2239 5851 2241
2809 8841 2815 8847
7688 224 7694 233
9960 3591 9962 3601
811 3329 815 3335
532 9291 536 9300
513 4595 521 4596
8638 2428 8641 2431
6541 7223 6544 7226
6073 4221 6073 4230
4446 368 4447 373
5833 5033 5841 5036
245 9731 253 9741
9031 2868 9037 2878
9338 2264 9347 2267
4692 9135 4696 9145
6367 3591 6367 3596
7813 8053 7813 8054
8421 675 8428 676
7582 9229 7591 9231
852 6603 856 6607
1354 9360 1356 9370
1633 7387 1635 7397
6531 6811 6534 6817
412 3801 415 3803
1863 5334 1863 5337
7883 4690 7885 4695
3928 2977 3937 2986
9580 9422 9582 9424
8791 1622 8795 1625
9009 7837 9014 7843
4657 1840 4661 1848
5641 9445 5641 9450
4788 1310 4793 1319
6000 7984 6001 7992
970 8971 975 8981
286 6894 296 6899
399 2526 399 2530
372 3783 375 3788
7497 9056 7504 9061
8511 917 8520 924
2227 340 2233 342
207 3532 212 3539
4386 2271 4396 2279
1048 2618 1053 2626
7018 784 7025 789
6441 1465 6448 1473
2404 43 2412 44
960 1513 969 1518
1853 1484 1859 1488
6890 8969 6895 8978
3123 2480 3129 2483
6972 7222 6978 7231
9880 2117 9888 2117
5456 9451 5462 9453
9495 3014 9495 3018
4527 4280 4535 4287
7638 4456 7641 4459
5309 9185 5318 9193
3548 1168 3552 1172
8390 1990 8398 1998
4107 9676 4115 9680
1019 537 1021 541
3551 5606 3555 5607
9886 5893 9889 5893
359 423 363 429
1491 5406 1501 5408
6575 480 6582 481
2470 3854 2475 3857
5413 5387 5421 5389
5924 1097 5927 1097
6703 9197 6706 9202
5099 9536 5102 9540
1843 1850 1853 1857
7257 876 7265 886
1356 7699 1365 7703
3436 9583 3446 9586
6853 2195 6862 2203
5166 1635 5167 1645
841 9214 842 9216
643 6375 645 6380
8225 8165 8226 8166
924 6077 926 6086
5660 7536 5661 7546
9002 2151 9008 2152
6220 8877 6224 8879
2395 6555 2402 6560
7652 3635 7659 3641
1893 4341 1897 4350
4390 8485 4399 8490
6445 4340 6445 4341
3759 7459 3766 7459
9610 4806 9613 4808
5566 9170 5574 9177
7608 2394 7613 2398
7903 2265 7909 2275
8481 8113 8490 8123
6607 3058 6615 3063
9272 9546 9275 9553
7014 2027 7015 2027
6833 6329 6834 6331
5509 3476 5515 3483
7744 5332 7752 5341
7597 7602 7601 7605
5724 9144 5732 9144
4086 2802 4089 2805
2357 9956 2357 9963
3866 4102 3874 4112
440 4129 448 4136
9479 9116 9489 9118
4457 6860 4465 6867
4471 243 4472 253
1270 6507 1278 6514
1192 9199 1193 9209
9164 8889 9166 8890
3000 6450 3001 6458
2462 6244 2465 6252
7243 9728 7251 9730
6597 5837 6604 5840
6080 1313 6080 1319
9694 5080 9698 5089
4288 5197 4288 5201
5969 4880 5977 4880
3214 1512 3215 1519
7756 1196 7765 1201
933 2449 936 2453
169 7997 177 8005
9311 9270 9317 9279
6233 1956 6238 1956
9027 9986 9037 9992
6749 1755 6749 1760
3267 2032 3270 2032
3229 790 3238 792
5113 8390 5115 8400
6397 7816 6402 7824
8970 781 8970 781
2737 2164 2744 2170
4033 7240 4039 7246
8995 6392 9001 6396
8425 3918 8429 3925
4708 4976 4717 4978
5250 3159 5259 3168
2858 412 2868 415
1194 1501 1201 1501
5540 6550 5549 6554
3799 9988 3803 9992
6390 6761 6395 6769
688 5885 698 5894
2744 9817 2746 9823
4859 5973 4859 5982
6385 4537 6393 4547
7913 8488 7923 8493
5047 4730 5049 4738
6601 7167 6601 7172
5811 6113 5818 6116
2007 1825 2016 1831
1652 4638 1659 4647
2494 8037 2497 8042
4457 5677 4465 5686
6048 5493 6048 5498
2106 2643 2110 2645
9810 998 9818 1000
8986 7047 8988 7049
8872 1549 8875 1549
8061 4141 8062 4150
4061 6914 4069 6916
2600 1553 2609 1559
8921 2379 8922 2388
5022 7219 5031 7222
101 7093 102 7097
4149 124 4149 127
1673 1484 1673 1488
7499 8114 7508 8115
5037 5384 5038 5390
6938 8499 6940 8507
888 3564 896 3565
792 2289 796 2296
1265 6863 1267 6866
6987 7584 6997 7586
951 9513 953 9513
9510 4343 9520 4343
1611 5746 1614 5746
4255 6005 4257 6008
9569 8835 9570 8845
3007 7445 3010 7449
4318 632 4328 635
8216 5645 8222 5655
7041 7767 7047 7773
3993 3285 4001 3290
915 836 917 845
8715 4219 8723 4223
3064 7006 3066 7013
4461 1189 4461 1193
1822 5670 1829 5678
3198 9456 3198 9457
9106 4355 9116 4359
7641 3568 7649 3575
4404 4759 4410 4769
8978 9679 8978 9682
8568 9472 8578 9475
671 4107 677 4115
1660 3182 1660 3184
4521 1143 4524 1152
5499 5675 5505 5677
1126 5468 1130 5469
236 9197 246 9207
768 7593 773 7603
8948 6903 8958 6906
1019 3589 1024 3592
6771 4041 6778 4044
5184 6404 5194 6414
2088 1694 2098 1697
7162 1186 7164 1187
2266 4916 2269 4917
4392 5403 4402 5410
2316 2269 2320 2277
5858 730 5860 739
6645 7311 6651 7320
3724 763 3727 768
4331 3878 4335 3878
6938 5284 6941 5290
209 4912 219 4916
325 259 330 269
2528 6560 2530 6569
7290 9497 7296 9501
8691 607 8697 608
3244 7694 3246 7703
1581 6652 1582 6658
1945 7367 1954 7371
2288 5613 2297 5621
7747 2221 7756 2224
8781 619 8784 628
125 7211 134 7220
9692 5198 9700 5202
2901 6993 2903 7003
5528 8986 5535 8989
6362 8251 6371 8254
5747 5773 5748 5779
7994 5906 7996 5915
6525 8090 6525 8095
5311 2289 5321 2299
7487 4231 7495 4239
3107 7866 3107 7876
6861 7271 6863 7277
7405 3260 7407 3270
916 8787 925 8790
4702 2336 4709 2336
436 7959 442 7966
2131 2751 2140 2754
8857 9979 8865 9985
7855 4284 7857 4293
1564 4241 1570 4244
9375 3607 9380 3615
4277 689 4281 692
4900 4305 4907 4305
2273 7492 2277 7492
2126 3113 2129 3115
3102 3434 3108 3444
7718 1089 7720 1095
7204 7406 7212 7414
2896 6034 2897 6036
8597 3615 8600 3621
7920 5766 7928 5774
5141 9313 5147 9314
2436 8016 2437 8025
1460 6857 1465 6862
7946 7826 7946 7833
7116 6120 7120 6129
4037 8025 4044 8031
1650 2745 1658 2753
394 2507 404 2511
1829 5641 1831 5646
3667 2956 3669 2959
9814 5695 9823 5702
5405 299 5407 307
8293 5948 8301 5952
3982 7251 3988 7255
1879 6765 1888 6767
9272 4373 9281 4379
23 4380 26 4389
7336 6442 7341 6445
2146 8763 2146 8765
945 9129 945 9129
5086 8264 5091 8272
5524 328 5534 338
7094 7427 7100 7433
1809 3128 1810 3132
9382 4125 9389 4128
576 9971 583 9971
626 8213 626 8221
9225 2247 9225 2248
520 4280 525 4283
4609 5612 4617 5614
3048 4398 3052 4399
7526 3088 7528 3092
9087 9718 9093 9727
9698 5054 9701 5056
5150 4551 5154 4554
8673 6472 8677 6476
762 9607 768 9614
5228 9958 5236 9961
