100
8114 9359 8122 9367
2887 9908 2891 9911
3922 1690 3924 1692
1082 8255 1084 8262
4350 6212 4350 6217
8745 6831 8755 6833
7199 9252 7203 9254
7834 6101 7839 6104
5469 8365 5471 8367
165 7163 166 7169
8853 3344 8854 3345
3483 68 3486 69
8154 4119 8163 4122
959 3950 966 3956
3211 2532 3216 2541
8633 2292 8643 2300
2540 9794 2547 9795
6966 2080 6975 2088
7299 5871 7303 5881
7814 3145 7824 3150
7264 4421 7265 4427
8371 3539 8375 3545
7945 3475 7952 3482
7641 3417 7647 3421
5094 2566 5104 2568
4646 7192 4653 7200
3072 1183 3081 1192
4328 7000 4336 7009
1430 3525 1436 3534
7064 3731 7066 3741
7206 9672 7209 9679
4972 9821 4977 9828
2396 3572 2403 3574
773 3798 782 3802
4981 9247 4988 9254
8131 7245 8131 7249
2654 8252 2655 8258
1992 8280 1995 8281
7961 1993 7961 1999
3697 4742 3702 4745
8314 792 8314 792
4590 1530 4597 1537
786 7063 792 7066
6192 7317 6196 7324
7452 5374 7454 5377
5538 834 5538 839
4701 8348 4706 8358
4973 6973 4977 6981
7766 3277 7776 3281
4807 6589 4809 6595
3662 225 3669 233
7542 2396 7550 2405
9645 4796 9652 4796
5630 8740 5637 8745
8971 791 8978 792
7765 6998 7767 6999
285 9022 289 9023
5621 7357 5623 7361
7582 2721 7588 2730
6991 7243 6996 7246
2048 2108 2048 2109
2732 2430 2733 2437
5095 526 5100 535
7524 430 7529 437
9452 3829 9454 3837
1195 1111 1201 1115
3832 2908 3836 2918
160 3446 170 3455
7428 1208 7433 1218
5512 5422 5515 5429
5948 3179 5958 3186
5483 7526 5485 7531
1364 1716 1374 1721
4701 1915 4704 1921
4824 6519 4826 6526
9965 2485 9972 2486
5567 4595 5573 4596
26 5085 27 5095
147 8939 156 8949
8348 2018 8351 2019
3734 8116 3737 8116
1914 3006 1915 3012
9526 3859 9527 3861
6345 6430 6354 6438
2909 1999 2913 2004
7084 346 7084 352
1168 7754 1168 7763
9772 960 9781 961
959 9025 965 9035
2040 8317 2041 8322
2185 6975 2188 6978
5289 5502 5289 5504
7501 976 7511 980
3196 7557 3200 7567
7194 4086 7199 4088
5047 2516 5056 2517
1550 3712 1560 3716
2038 385 2040 386
9234 5630 9236 5636
1141 729 1141 729
