1000
9867 6099 8880 322
6009 6948 1844 3334
1777 7979 7155 3069
3140 3092 2659 3285
1855 3661 1191 870
9422 4748 1013 8835
7565 2736 3544 934
5282 551 5149 7783
7729 8105 4817 5107
6131 8441 7909 6661
7498 809 637 5063
3901 9427 5757 3296
4166 5245 3587 6948
9994 6861 8637 4600
9597 5535 4879 2180
6086 1041 4894 1106
225 6213 6356 9711
5732 7450 3229 4264
8259 405 3239 3866
9832 8241 3997 74
3486 8101 4558 7585
4961 2184 4557 3194
8798 6454 5963 9436
7495 1620 7720 856
7833 566 3564 5155
9095 9419 7354 7872
9825 2816 734 1671
1057 1745 5622 5811
9846 4474 4806 1258
7737 4452 6535 441
1984 956 558 3576
2576 5511 409 9357
7156 4511 6250 5052
3930 2924 4833 3603
6819 6353 7876 6646
8098 2456 9022 4576
6930 5834 4667 4906
1365 5348 3349 2280
6304 6935 8880 3907
2445 3264 9601 367
7775 6499 2783 5850
501 532 7320 7616
6885 4262 6062 5196
7797 850 5806 5083
6685 9990 8050 472
6416 3831 3798 1398
765 6385 3210 2677
9649 4124 8502 3889
622 9739 1123 1285
1349 8901 9314 9522
4241 5796 2038 5375
6647 1536 3331 7844
1525 9395 9020 1380
4304 3857 5069 2817
241 6574 968 9358
697 3246 2398 9471
4063 755 6492 4600
734 4121 4976 5805
9918 2258 6564 8093
3794 5936 6399 973
6409 2353 712 5418
7289 8236 8610 6860
5888 7296 6585 9578
541 9048 5683 61
9803 4661 537 3253
8782 9058 9778 6592
1315 4684 6189 7420
1698 8393 9186 2587
1824 8005 9114 9898
7319 7836 3206 7723
5131 8379 6751 869
7427 930 8308 2433
6670 6766 6531 9924
5823 6515 8218 6308
2277 3728 5054 4406
2120 8072 3945 4239
7155 5215 4474 4137
3050 2938 8181 8759
1316 707 8743 4931
1637 8444 9387 8130
6288 8053 2110 5917
5647 2224 9003 1406
7031 6891 9152 4057
4962 8296 3196 4175
3511 9391 7640 8749
2328 7507 3644 6900
9293 2909 2009 3466
1352 1595 7640 1395
726 7312 6373 829
614 3314 7646 6455
205 511 6246 6797
9886 2050 4475 9442
1440 8190 3768 2115
6776 9015 6068 8491
1923 1956 4355 8077
3551 550 4278 3073
7862 4981 8477 1729
8296 8184 9580 6122
9774 3997 9660 6904
7126 7425 8566 4134
5614 7328 3468 3412
6342 1902 9345 615
3859 9771 8489 4778
321 7851 8183 3845
3911 5575 2206 7738
4837 3859 4611 2864
8935 846 6060 5349
8271 9483 4964 5704
6811 194 4231 8432
3176 9047 7035 3575
8818 9432 9139 6602
7283 447 1193 8400
6022 6138 858 4478
1075 8421 10 6548
9267 1896 7538 7149
2458 3932 347 2501
4126 2011 8381 4578
2137 9233 2033 5415
8664 3096 7025 1171
3543 649 9565 9297
6787 3774 8942 1501
3273 9129 2540 30
1024 7179 4561 1156
2189 4736 7395 4908
6747 9487 8884 5775
9798 2269 8461 916
5365 3166 8908 6565
4895 5861 1681 9551
714 2130 3987 1701
2337 1731 3362 7606
9990 8762 2178 9002
3497 3910 1323 651
3396 7506 4272 1285
9775 3281 6218 3811
6447 375 1341 5125
6237 5754 6951 4102
8963 5803 1300 2016
8614 9623 8603 5741
9463 4742 4039 1859
8652 3590 3126 5362
1095 6647 869 7398
9928 1209 7454 7087
1584 3290 8900 9874
122 5054 9085 5850
1936 8946 549 1463
8568 7204 8030 230
1946 2089 1676 2068
5679 8509 6774 4803
6235 3279 6162 8722
5567 6887 7152 4694
1255 4568 2456 7130
700 4059 2636 2620
3004 4083 1571 3185
1287 3415 4312 679
6584 3827 3341 7067
2335 2948 8570 1194
6228 9916 1794 5811
7882 1583 215 24
7230 7155 7931 2672
1213 5292 5296 566
9375 3752 1740 6867
8246 8625 5908 7131
2451 4198 5866 9250
7146 443 3373 5514
1437 2403 397 6247
3987 6271 1216 613
4504 3285 6796 9147
9656 9714 9030 2091
4544 36 3868 770
8662 8980 2191 9777
3177 104 323 9136
1626 4650 3063 4775
7053 1021 1039 3461
8372 5153 3954 3335
8438 2481 8093 750
3273 2841 8896 8201
3957 49 2618 3843
9030 3619 2206 5888
4802 5024 6428 3608
9674 8384 7805 9491
483 4030 8855 9924
9183 3258 8699 2809
6818 4638 1170 7870
8558 7150 2514 65
7199 3908 6228 5132
8606 2099 3407 9514
7123 3121 6796 913
2583 404 3067 5679
5513 5602 5775 3000
9939 6888 6757 5552
1525 4501 83 9006
1650 9071 8849 3676
4058 8809 3742 6156
907 6748 9109 8229
9869 9142 3531 6983
624 2661 6138 6598
8264 676 8202 2991
7565 9622 168 6037
4122 5042 5772 251
5192 5007 328 4621
3815 1855 5801 4070
8603 2298 9550 5988
1440 2970 3143 3080
5631 756 4973 359
1433 3350 76 4254
2972 290 8173 244
6412 1575 2682 3945
6582 9645 1475 3010
1499 7080 1180 8355
457 4342 2976 729
7312 4889 4021 6119
6724 6479 8157 8995
907 3248 4958 9312
4617 9557 2107 3131
1131 7076 7713 4789
7799 7799 9298 9188
5958 7542 6415 1556
2962 2285 273 9391
8253 6588 4977 4294
4145 4367 5053 3133
8694 3524 3311 10
3080 4220 4211 6497
2374 1286 172 3002
9085 3268 5042 548
1888 2104 4850 2535
5469 3004 3721 5123
9593 495 3737 8698
5942 2910 4635 9869
6434 958 9514 7946
5178 5522 8632 4803
6808 8884 6971 9883
2151 431 4039 3092
3614 5627 9083 8889
8632 5090 9303 3883
6664 2580 2605 4118
5490 3987 3002 7241
4945 6265 1201 3594
1786 8397 9673 9833
7280 9716 509 6644
1225 9736 4839 4548
6441 4515 6151 5001
683 8884 7348 5453
2542 650 9112 1031
5716 9351 660 2113
6695 5708 8481 2940
5183 3852 3542 9233
4646 5876 5871 4051
6690 9679 3130 1788
5272 7868 5956 9282
7830 5813 372 4382
6463 6492 2178 9484
5843 1596 2537 3917
8383 7937 3566 2096
1788 2407 7513 8187
8283 3316 4972 4462
2994 6250 9346 8103
5197 8463 3026 5301
4275 761 738 3398
7253 2881 4174 3995
5557 7913 3939 7790
5849 965 8716 8584
3372 6770 1655 6228
1165 689 5238 7706
8018 6887 4293 4583
5349 9884 9625 7320
1723 1796 55 1441
4678 5436 1313 4229
4427 2019 1354 5252
4063 4915 7435 69
2763 7376 3928 168
9144 7875 8241 9167
4761 3749 110 2533
4712 9853 6435 813
1649 2254 7406 7569
7690 1798 2117 8719
4896 5049 8959 3471
9964 4620 2727 7472
3074 7641 2218 6655
6594 5821 2433 458
649 2991 5361 3622
3923 4435 5572 2874
6689 443 5458 4056
3320 2774 9295 8654
7823 3203 8866 9332
7823 6803 1976 1592
5522 9326 2115 4194
6226 5731 6875 5628
8722 9250 3723 3314
3685 7267 1452 373
8789 4429 2108 7989
8282 6642 6105 1402
924 733 9826 6049
8616 7641 4137 1801
8045 5995 4270 7332
2804 2959 2605 2223
2208 5537 6972 6328
3883 6702 2671 9504
1130 7492 9413 4780
5213 7261 6137 6596
9074 2644 7689 5962
1363 7764 9408 2904
4837 235 7642 4757
4273 6980 6482 246
3596 6574 7479 4532
4354 4035 5485 1228
1527 6008 7819 5976
4348 3650 3421 3955
7373 9917 8736 2188
8759 5092 3596 9222
6407 3978 679 2316
958 2562 5633 7161
214 2772 4569 4190
6807 5418 9413 1132
2505 8187 6853 7231
1836 1185 9209 1352
2181 3540 939 9023
9711 8244 6117 5614
3301 7930 5338 6797
1570 5036 1785 970
7808 6239 5694 7433
1656 9644 5240 5106
7830 3416 744 2092
5680 4523 7861 1031
9142 1132 8853 9880
9376 5493 3755 6048
4502 3923 6072 9093
38 1141 8925 8936
7380 7447 115 4618
7090 803 5998 5355
4219 8527 977 6742
3049 7773 3270 8839
8905 9797 9360 2122
6368 9249 869 4193
3172 3286 3210 8021
5506 8035 3965 2134
5482 7832 3650 4080
8635 9435 3932 9649
7961 6390 2089 4909
5242 4826 5225 5359
4622 8560 990 5663
7808 9857 2058 2938
4221 2037 9727 5268
72 8482 6633 3691
6313 7771 4947 282
8285 9931 7324 9958
7400 4866 2641 9413
9693 5850 5393 8945
5488 4608 3296 6383
5543 400 9764 6433
2437 1701 3588 9490
1261 4260 7574 1299
3109 1582 1393 3599
2591 3556 9991 8718
9501 9209 271 3710
6138 3734 1625 5665
8342 3126 3884 6000
3526 2433 7043 3647
5213 4215 6474 1709
8475 3009 1584 4047
4591 8725 8261 4056
3359 3852 2859 8252
4140 3040 277 3131
6774 8796 6194 1902
3000 8982 6527 77
1414 4803 6627 4648
97 6357 9651 3100
9366 8226 5035 2313
6950 6370 308 3296
1300 2626 5440 4246
5666 8456 3519 6796
7251 8699 1330 9713
7680 869 172 7857
5672 3583 6848 6799
1018 9899 1463 6499
9203 8812 6152 6498
6260 872 7561 7539
4577 2863 1322 3000
1319 9797 9649 4841
9574 5632 8332 978
6501 9914 3252 8504
3496 6381 4515 99
6279 6598 5481 5978
6489 3554 2748 2711
4427 1328 82 308
4191 4388 5510 1404
5263 7324 4836 5159
2956 7216 9457 4246
7130 3828 625 2708
208 3887 7566 6219
1563 2196 8052 4125
6830 6836 2335 800
9243 2187 3433 2417
7654 3822 2916 22
1145 6260 4101 8831
3475 3076 604 4637
7983 7345 8191 1230
2310 8528 3874 5756
724 959 7554 1925
8874 3804 8116 9889
5992 3384 3645 2628
7206 2650 9431 7641
8910 6471 3463 4610
9548 9247 7530 4068
7671 6377 9981 6800
4904 3634 6707 3854
4594 5780 3467 5339
662 6306 7733 2662
9691 5290 6896 1378
9019 97 9007 7405
6568 2015 7194 2469
1261 6537 8932 5803
3992 2602 8897 9992
6236 3845 1908 6682
703 2021 1366 5376
8327 8038 9096 9099
4406 1555 3424 7071
1652 4475 9300 2430
6490 4899 8831 6493
2515 2295 6507 7762
5976 8832 3291 6482
2677 3164 4459 5199
6264 1653 5669 6904
769 7082 5175 4765
8637 1835 1368 8599
6310 2107 3879 1746
7007 8239 600 2709
1613 1549 8668 7107
381 4668 4137 1958
7832 7158 5174 8596
9890 5500 659 842
2581 5607 2296 6913
8521 5512 4831 4743
8698 6489 5704 8710
5807 2497 8499 6304
4046 4490 5506 7166
9158 9125 8068 9643
7361 9318 8329 3241
4817 5162 8477 8988
769 5901 9290 1851
2491 6595 1188 5199
4162 4987 1047 7972
7484 5354 2609 9546
922 7791 1158 8115
7994 8837 6433 9226
8154 3545 4049 4761
8708 3749 9477 3604
728 5455 4298 9845
3128 5044 8370 6565
1109 5615 8594 495
2048 1120 2970 2281
8911 1474 6904 4129
1389 4433 621 4415
7979 9176 6686 4670
4003 9353 4731 7241
5887 7085 93 107
3207 6673 5396 8463
2287 37 5414 5068
1157 7349 67 8385
9902 3592 1291 8050
8025 2464 6003 1912
1639 7662 5643 3767
7014 1007 2900 1452
9172 1560 3457 4073
9312 2535 2677 8853
2572 3920 4808 8092
2347 7555 2249 4875
1146 4003 249 3540
7546 5452 264 6253
3113 1098 1206 6986
3185 8438 2356 4106
1076 8179 1466 6892
1793 6824 5444 4144
1822 3314 4170 1331
868 7285 3093 6419
1288 1037 9913 3342
7568 673 681 176
1772 7162 4957 1887
6679 7072 8834 8392
6330 5283 9202 300
3185 5523 5008 5724
9916 7055 783 9178
4340 6675 6707 4955
7712 8297 5279 6619
49 6796 1821 7039
3957 4 1714 7857
8156 6248 4485 548
2609 1927 5795 4765
7450 488 8444 802
8623 1058 2962 305
8812 5260 7602 9669
4635 7366 4684 3959
4161 998 9198 6505
2081 4361 236 911
1687 2538 5376 5800
4465 564 2993 1170
2132 3051 754 1436
5188 1741 3999 4795
8080 5542 2715 1600
2907 5559 7069 7399
6557 4983 9718 7345
422 8256 2110 9954
1873 5754 6338 7486
7397 9735 607 410
3864 2925 9052 2440
5746 7235 3825 3050
2776 4650 6763 6540
1287 5018 8924 4910
0 2254 422 8641
1588 8594 3461 3611
5426 2175 3902 878
2988 1288 6852 4509
4213 6950 9959 6982
5263 31 9119 4863
5760 1402 8127 5881
7499 790 7499 7050
3044 5690 4632 9001
5362 2611 1867 9173
5866 50 8854 6848
2417 1356 7709 6785
9385 3766 4648 7668
4877 3609 636 3766
6090 725 3589 8763
1515 6891 5638 1087
2580 1166 9022 1348
4857 520 722 1967
570 8815 2987 654
170 7439 634 1775
1205 9443 6082 6361
4130 126 219 7797
1930 7639 3445 3808
4529 5975 8189 161
7141 1509 1997 7210
2030 255 3679 3798
9070 4453 318 7746
1891 9521 4175 952
41 7313 4171 1335
8518 9133 447 4390
7850 9278 2378 4971
5252 5132 3471 1645
7721 9934 829 5469
188 9267 9258 4508
4798 3332 7769 9577
2852 528 3972 1943
8921 3279 7438 9222
3490 4691 1339 8965
3968 5014 298 4796
146 6442 8946 3769
6375 9238 6564 9775
9584 4282 4381 6900
8694 6476 2624 3228
8084 5172 7004 6597
9530 5818 4098 5520
1587 5563 5555 5437
577 1311 723 5853
8832 9623 6286 747
9939 521 600 3928
5882 827 4575 6061
8383 9289 6466 7200
4460 4875 5068 4548
692 1146 3359 9166
6710 5681 7287 8914
6993 5846 5824 9089
5468 9836 6485 2109
356 6037 6238 7086
7944 3146 6326 813
2434 9092 7974 2791
3966 8418 5737 3041
9564 3286 6273 9096
8967 8010 7038 3559
4934 2647 1480 3941
3561 7129 3917 7965
4245 6129 2188 1234
9275 3126 2788 8514
2217 2383 7262 761
800 4881 363 2998
8167 2094 8213 7716
1182 1274 6116 5250
5001 9191 8562 7596
6320 6639 1643 3558
2768 5871 3121 3831
75 3423 2292 5909
5806 7749 7685 9554
3709 3630 1875 9127
5724 6842 7985 1166
9196 6417 4196 5179
6686 3853 4084 3836
492 8473 4339 5727
4343 636 4418 8539
4059 5527 9865 7789
3275 8421 6984 8628
3130 7755 8854 9939
4596 1104 3791 7918
8600 3096 6365 9066
8029 3981 9600 448
2453 7255 7876 3938
7891 3555 1950 3372
9082 2240 2357 2893
1739 1521 4869 419
354 1436 4950 4802
3620 2719 3298 9821
6894 8886 4922 9663
2866 1190 6399 4521
8445 9538 6335 5353
3093 8725 2174 9364
964 2257 2704 5610
4857 7109 5211 8652
8545 3453 3243 1239
6172 2138 4145 6542
1024 6204 4969 9067
7394 4667 6917 2446
5283 7799 9455 3252
6524 3694 8567 2708
7030 8318 2965 2349
6505 1001 5050 8176
4454 494 1705 8293
2632 4834 4735 5850
2117 5995 9511 783
1740 3229 7024 7507
1028 1837 8631 7557
5531 264 2561 8276
8583 1704 6166 5526
2705 4781 8238 1215
6354 587 8986 9943
6500 6871 8617 4800
3945 5583 5685 9207
9891 6713 1997 3787
8550 1344 5159 1706
1608 9983 1269 8799
1686 4325 5470 7436
184 9730 7617 3707
316 4729 6817 6602
2678 2480 6623 6512
9142 6797 9033 2308
4588 6095 3137 1029
7439 2736 9048 9376
3797 8174 6562 316
3577 8831 4840 2031
8561 6817 8877 2456
2624 137 5303 6772
2617 4363 1759 1925
1159 4233 5748 791
1407 2899 9925 9964
6714 9339 1589 8972
8592 367 2168 8151
9198 1260 8837 7009
8078 9465 1780 7714
9602 5564 3298 7083
9927 87 2165 5057
5399 6927 6806 8992
904 8955 7619 6731
9373 6781 9043 9208
8227 8438 7425 1210
9698 9298 8854 7340
8763 5053 9443 634
1696 7717 2701 2740
7804 8876 3203 5945
6881 4936 7786 1087
4970 7818 5421 6483
5678 6769 3904 4463
5206 5673 4904 2407
4971 9748 4812 3757
5879 5470 7575 5333
3187 8074 2069 1355
8028 7300 4909 6351
2236 7439 8285 2694
6335 255 2012 3705
7024 8168 2230 5917
4919 9403 968 8213
9150 3048 5029 6859
8519 2192 2784 2603
265 3958 9372 5932
2337 2283 5652 4280
800 8053 7135 3936
8308 7641 6411 226
6887 7222 2884 9720
6624 7932 5774 4932
2058 1790 576 1881
3982 4484 5326 4439
9522 371 2937 4698
3733 56 4533 8589
9189 2524 8575 2746
1243 4051 9209 4985
1272 4704 8976 2092
3714 8103 5773 5828
9894 7709 3875 6349
3271 1867 3871 9202
2238 4978 5971 6808
5034 5396 4222 1582
8999 4328 241 2797
8380 8861 730 528
3565 3700 7279 784
1802 6612 1695 3051
5399 479 8671 6650
3425 6930 5663 2541
1907 9350 8020 2712
5824 5373 4823 3321
9701 7197 9159 6143
6057 7751 9622 9890
1450 673 3252 7980
8365 2109 3763 6027
3667 2676 7092 2433
9606 6054 2591 3833
6482 7624 3384 610
2996 3931 3776 8207
1127 5429 8264 2934
3179 3902 4629 8964
5655 6943 4019 8960
131 4986 3798 8861
8741 2373 9425 1969
8427 6881 5987 2015
4505 2626 8580 9371
7636 8657 9843 2355
4085 5290 8343 8106
270 7069 5925 4050
5091 3009 5222 1022
9075 9884 8894 98
2256 3146 1761 8319
27 333 5611 7748
4038 7118 1674 4190
5774 7625 937 2595
3993 1779 4263 9280
8848 4408 5017 188
8497 2289 8650 1317
2172 1416 5507 7543
5641 5861 6747 8347
7274 6094 1311 2357
4291 7627 1143 4064
5251 6659 9244 2081
9517 2439 8365 4585
7927 5852 6423 3381
8142 4699 1392 5072
7194 3693 3913 6900
9555 6325 6828 660
2419 3017 7789 9218
1722 3282 8052 8932
1019 2091 536 8374
4531 2959 2457 9980
8811 4439 6952 9959
216 6109 8489 8345
9802 6323 434 2402
2647 3062 6145 7262
7158 7559 8881 3933
1919 3944 4017 6932
6035 5306 1644 5632
9344 5611 8154 4101
1129 5138 1345 6185
1246 5608 1048 913
1930 3315 5656 1482
6377 9824 3534 2880
8461 6813 379 3493
1835 1504 7871 4396
7889 28 7232 9515
6718 4695 8926 6464
9833 2648 2158 1350
8256 2263 1264 3206
5578 5767 1954 8000
6669 879 5129 6567
8771 60 606 5508
1564 983 9453 8477
2090 9070 8808 7763
3764 4226 3597 7734
6875 9084 6209 6834
1346 39 8003 7474
6885 6552 3554 1035
7431 7602 7280 8683
8741 5270 1383 8965
6253 8520 8343 1914
7590 9677 1353 8229
3903 7041 777 6029
7203 2862 8549 8065
3980 5538 865 7630
3168 8665 598 5498
6267 5259 6086 8958
528 7922 7860 7470
6442 9384 4031 6202
9061 5510 2963 6463
2550 2492 9754 4819
6433 2883 413 9381
9501 7011 3747 2357
5675 8934 3020 4346
4192 4382 4721 9107
2303 7655 8745 3659
7038 9862 6098 3854
5371 317 9000 139
3888 6037 320 8753
10000 9213 578 1812
6223 5248 2976 4325
4181 9750 9453 7076
4131 7261 6435 5252
4915 8911 1952 6258
9851 1191 6300 9130
1508 9269 5396 5300
5306 5131 6384 6795
4343 9687 565 6962
4934 1286 194 4621
1036 1696 6246 9647
8957 4898 3871 3759
3808 1096 3659 6902
2287 6031 3795 9959
5300 6337 1684 269
1468 8143 5811 9147
7829 6108 2763 7456
8473 2076 587 4036
4851 3682 4886 6834
8580 592 3466 9836
1688 6737 3975 8204
3847 8163 9147 8849
4499 196 7046 1909
8340 1055 6168 2857
8242 312 6714 9
3467 4045 9397 7302
7727 5214 7385 4282
5806 5196 8574 851
1932 9055 5779 3627
8296 3555 3874 6004
3751 8992 2090 919
1125 4855 9367 8259
5167 8268 9713 7160
3392 4461 1118 9109
9675 4469 6559 9583
9665 433 1597 6211
566 9839 9942 8455
3393 5538 8223 3815
5608 5813 6734 313
668 9651 6914 7179
8997 4338 2388 7706
9878 6814 630 4586
1283 4168 947 7190
4601 4479 6246 3623
4317 3157 8789 6187
9774 1080 5381 7012
7973 8404 9720 3193
8054 372 7050 6633
5789 5417 5667 517
2231 5103 4593 6297
9271 4565 4950 5540
9045 242 4440 1195
3399 8462 3172 3229
620 1319 8593 9632
9723 2825 8855 9391
3197 7103 8986 5904
2519 6421 4750 5731
2602 2028 1872 9343
6593 5962 5637 6822
7283 9097 1760 77
8637 4385 9257 6011
6783 5642 6505 8929
8467 8319 2742 5359
6500 2341 9020 2807
9842 8538 2443 3769
1644 4191 8238 5395
1231 3295 8514 4953
3470 6109 2106 273
1572 6284 8355 2442
3004 2449 1471 5938
767 2375 7268 5292
4717 8099 5637 7366
7716 2213 9360 9159
6404 4553 8714 7597
7849 3629 1318 7227
816 8579 3468 4504
4862 6946 7867 1822
9395 8840 1240 416
1214 5708 7010 9587
4886 6952 2601 2646
9166 2884 6648 1960
7437 636 6364 5362
5344 3667 6160 8762
2246 3265 8187 9628
1289 2529 683 7132
1368 8627 3661 3002
5414 2589 299 671
619 4396 863 3979
7280 5939 4717 7512
6575 3952 2997 2159
7619 920 943 236
5264 942 6553 209
3471 7341 5918 8315
7047 1317 2460 9580
4985 250 5604 3838
5725 7817 3005 6468
3755 5058 1409 8801
9010 959 7707 4406
1880 4642 7144 8651
5585 9939 134 4776
8358 3090 5404 7132
4407 6711 9392 7864
8040 1701 3764 6075
596 2542 4352 6769
8679 5569 7688 6840
7608 2324 9488 5394
8046 5123 4709 7710
5061 2485 3419 4843
5576 1974 1061 9902
9764 8845 7803 453
545 7607 2221 2646
1227 9415 9906 6573
6063 4491 3670 7593
6815 4065 4860 4236
267 3024 5328 9569
5510 5491 2164 9826
7465 9728 7229 3225
8572 4757 195 6110
2363 8756 3590 2416
9250 67 6391 3495
4558 2166 2452 1139
7311 6454 7578 7312
9478 7960 6066 3984
3450 3810 1993 9309
4616 2534 4266 300
8370 7490 1812 5540
6245 9036 6573 6481
181 9977 5819 4042
3221 5181 531 8271
2713 6661 2191 9188
5699 3172 9149 9336
8061 8645 3755 2221
2257 2521 626 8021
1089 4639 7335 2438
3674 9999 4935 4986
9975 9029 4274 753
5288 102 8002 5885
6763 5072 2462 1271
8244 606 6304 2689
329 5989 2586 58
9590 9158 678 3213
3797 6730 8550 9092
6728 4078 7781 3484
4185 5316 551 3134
5418 9019 2181 9632
4090 1981 3413 5722
2588 9490 2917 9717
5479 854 5068 6583
1090 874 4887 5746
7604 4838 5411 4516
9995 9079 5258 4270
4395 8483 9813 5809
7501 6520 2670 3072
8501 9873 1088 7162
9363 6878 5920 5085
8811 1667 9902 2066
2541 8891 1223 5867
4807 1461 4801 7713
540 3062 4935 58
1544 6947 124 5826
3466 8899 1966 3873
8771 1034 9212 4134
8991 297 8881 5131
3043 8276 6663 9861
7167 5727 1973 8965
8268 6678 8808 7854
818 8991 3441 4821
5937 646 481 3565
623 8517 473 3527
9551 8740 9621 9685
9037 5895 3158 8501
5249 8361 2415 9821
5166 8785 3433 5468
6541 3321 7359 3319
2311 9219 9328 800
944 5444 1567 887
3961 4414 4590 3119
3153 3883 3268 5289
9778 3789 6105 7505
3228 7325 9474 8521
7189 5067 3729 2906
8388 7305 1777 2167
6523 4046 7467 1104
9490 3071 4529 113
7485 3232 1717 198
7115 5487 7971 4985
355 2490 4662 4076
893 3675 8082 4135
8742 8121 8208 2890
5425 5057 1947 9985
9103 2168 9671 9415
5239 9528 3802 5279
2759 5477 953 5519
2042 1583 2397 8924
5152 2999 6045 8139
6674 2273 6494 5206
393 9175 5818 4701
5310 5765 4412 8845
9012 8259 4250 5161
8865 439 2702 9131
6995 4650 9038 3655
7312 2579 2463 2513
6657 651 4410 9587
2925 5871 4397 903
5045 6684 354 215
2448 9060 1459 5845
8397 2085 8340 6788
2524 5918 9520 1041
1646 5776 8958 9636
9434 2148 6090 2499
3879 3165 7883 1578
9036 2482 5160 2279
244 3573 2692 5514
2632 2438 2107 5230
4523 3096 8126 446
