100
675 9225 207 7003
6561 6025 7737 5763
8951 3805 9113 6982
4277 2974 7039 8151
3593 5484 4888 8192
3460 9494 5243 1863
3686 4518 8205 6194
4629 154 6383 1954
458 36 7019 6590
6061 2353 6090 5834
7237 3894 1514 6281
6868 4432 1540 8553
994 7823 4455 6428
8395 9370 2081 776
3887 6970 9596 285
8203 3319 8661 5978
4434 3647 494 6758
6000 2591 4315 7663
6486 3943 4432 5829
8375 5460 448 5972
4361 3478 2756 4903
2847 6758 7814 5916
3727 7280 3008 8488
598 4465 5032 1669
9191 9506 5190 6605
2097 5346 9662 584
9290 6413 8743 5172
2952 1144 7313 9191
5701 5172 8549 1147
1929 7063 6735 7441
5422 5928 7099 9744
1471 2491 662 3210
1996 9815 5172 6931
5161 7515 5529 5912
5007 1084 9038 4271
2228 4541 7929 7429
9713 8577 1642 7556
6718 6075 2139 9456
2002 9199 4553 9239
1689 2448 3686 6294
3341 4303 9581 9937
2897 5849 8983 6188
6933 459 9161 8020
6079 5448 5791 8168
5103 5724 2900 8512
2877 7968 5959 5039
8245 5356 1013 511
8883 7884 3303 5778
3265 5714 6162 2883
1562 9072 8495 6223
609 4242 7767 8734
769 6902 6951 3557
3704 3148 7660 9851
2194 5969 438 3618
2403 4129 1286 1451
3091 7229 6357 4589
4022 8551 5584 2518
8701 9821 9310 5158
4062 4970 5910 7076
2950 1712 6654 2861
5939 3790 8133 4314
9759 9011 2162 8571
3140 1101 7310 3448
9409 9116 3430 3666
7666 7264 6367 93
7084 5251 2224 6755
220 4910 3171 8135
7701 2074 3639 903
5864 6296 5623 2850
5307 1420 9526 8864
3600 3390 3009 6835
2505 1580 1249 7518
8844 8690 7006 8695
3940 6529 5240 9230
2517 8443 1296 9490
516 1471 7460 4935
8847 7785 5232 4161
283 3024 4963 5836
6414 3749 9998 9051
5329 6568 5251 2325
5258 2099 276 3335
8628 2565 2223 6595
2086 7163 2603 3519
9714 9533 8560 1141
8396 5302 8679 4870
8326 705 5818 4720
4454 3770 862 5815
1417 9219 6675 7192
1317 527 1023 8030
4171 5704 6257 3246
2866 6765 2579 9939
6297 1079 4692 2217
7460 7087 5785 4450
7792 9170 3325 1602
4019 8496 5436 5266
7715 3536 9032 3189
4063 2297 9313 1134
8001 4380 867 6649
1145 7666 8521 4525
9825 6743 7284 4292
