8
1 2 3 3 2 4 1 4
1 2
2 3
2 6
5 6
6 8
7 8
4 7

0 1
1 2
1 5
4 5
5 7
6 7
3 6
														0                   0
														|
														1                   1
													   / \
													  2	  5                 2  
                                                         / \
                                                        7   4  				3											
														|
                                                        6                   4  
                                                         \
                                                          3					5 									 
														  