1000
1 5
1 4
4 7
7 10
10 13
13 16
16 19
19 22
22 25
25 28
28 31
31 34
34 37
37 40
40 43
43 46
46 49
49 52
52 55
55 58
58 61
61 64
64 67
67 70
70 73
73 76
76 79
79 82
82 85
85 88
88 91
91 94
94 97
97 100
100 103
103 106
106 109
109 112
112 115
115 118
118 121
121 124
124 127
127 130
130 133
133 136
136 139
139 142
142 145
145 148
148 151
151 154
154 157
157 160
160 163
163 166
166 169
169 172
172 175
175 178
178 181
181 184
184 187
187 190
190 193
193 196
196 199
199 202
202 205
205 208
208 211
211 214
214 217
217 220
220 223
223 226
226 229
229 232
232 235
235 238
238 241
241 244
244 247
247 250
250 253
253 256
256 259
259 262
262 265
265 268
268 271
271 274
274 277
277 280
280 283
283 286
286 289
289 292
292 295
295 298
298 301
301 304
304 307
307 310
310 313
313 316
316 319
319 322
322 325
325 328
328 331
331 334
334 337
337 340
340 343
343 346
346 349
349 352
352 355
355 358
358 361
361 364
364 367
367 370
370 373
373 376
376 379
379 382
382 385
385 388
388 391
391 394
394 397
397 400
400 403
403 406
406 409
409 412
412 415
415 418
418 421
421 424
424 427
427 430
430 433
433 436
436 439
439 442
442 445
445 448
448 451
451 454
454 457
457 460
460 463
463 466
466 469
469 472
472 475
475 478
478 481
481 484
484 487
487 490
490 493
493 496
496 499
499 502
502 505
505 508
508 511
511 514
514 517
517 520
520 523
523 526
526 529
529 532
532 535
535 538
538 541
541 544
544 547
547 550
550 553
553 556
556 559
559 562
562 565
565 568
568 571
571 574
574 577
577 580
580 583
583 586
586 589
589 592
592 595
595 598
598 601
601 604
604 607
607 610
610 613
613 616
616 619
619 622
622 625
625 628
628 631
631 634
634 637
637 640
640 643
643 646
646 649
649 652
652 655
655 658
658 661
661 664
664 667
667 670
670 673
673 676
676 679
679 682
682 685
685 688
688 691
691 694
694 697
697 700
700 703
703 706
706 709
709 712
712 715
715 718
718 721
721 724
724 727
727 730
730 733
733 736
736 739
739 742
742 745
745 748
748 751
751 754
754 757
757 760
760 763
763 766
766 769
769 772
772 775
775 778
778 781
781 784
784 787
787 790
790 793
793 796
796 799
799 802
802 805
805 808
808 811
811 814
814 817
817 820
820 823
823 826
826 829
829 832
832 835
835 838
838 841
841 844
844 847
847 850
850 853
853 856
856 859
859 862
862 865
865 868
868 871
871 874
874 877
877 880
880 883
883 886
886 889
889 892
892 895
895 898
898 901
901 904
904 907
907 910
910 913
913 916
916 919
919 922
922 925
925 928
928 931
931 934
934 937
937 940
940 943
943 946
946 949
949 952
952 955
955 958
958 961
961 964
964 967
967 970
970 973
973 976
976 979
979 982
982 985
985 988
988 991
991 994
994 997
997 1000
1000 1003
1003 1006
1006 1009
1009 1012
1012 1015
1015 1018
1018 1021
1021 1024
1024 1027
1027 1030
1030 1033
1033 1036
1036 1039
1039 1042
1042 1045
1045 1048
1048 1051
1051 1054
1054 1057
1057 1060
1060 1063
1063 1066
1066 1069
1069 1072
1072 1075
1075 1078
1078 1081
1081 1084
1084 1087
1087 1090
1090 1093
1093 1096
1096 1099
1099 1102
1102 1105
1105 1108
1108 1111
1111 1114
1114 1117
1117 1120
1120 1123
1123 1126
1126 1129
1129 1132
1132 1135
1135 1138
1138 1141
1141 1144
1144 1147
1147 1150
1150 1153
1153 1156
1156 1159
1159 1162
1162 1165
1165 1168
1168 1171
1171 1174
1174 1177
1177 1180
1180 1183
1183 1186
1186 1189
1189 1192
1192 1195
1195 1198
1198 1201
1201 1204
1204 1207
1207 1210
1210 1213
1213 1216
1216 1219
1219 1222
1222 1225
1225 1228
1228 1231
1231 1234
1234 1237
1237 1240
1240 1243
1243 1246
1246 1249
1249 1252
1252 1255
1255 1258
1258 1261
1261 1264
1264 1267
1267 1270
1270 1273
1273 1276
1276 1279
1279 1282
1282 1285
1285 1288
1288 1291
1291 1294
1294 1297
1297 1300
1300 1303
1303 1306
1306 1309
1309 1312
1312 1315
1315 1318
1318 1321
1321 1324
1324 1327
1327 1330
1330 1333
1333 1336
1336 1339
1339 1342
1342 1345
1345 1348
1348 1351
1351 1354
1354 1357
1357 1360
1360 1363
1363 1366
1366 1369
1369 1372
1372 1375
1375 1378
1378 1381
1381 1384
1384 1387
1387 1390
1390 1393
1393 1396
1396 1399
1399 1402
1402 1405
1405 1408
1408 1411
1411 1414
1414 1417
1417 1420
1420 1423
1423 1426
1426 1429
1429 1432
1432 1435
1435 1438
1438 1441
1441 1444
1444 1447
1447 1450
1450 1453
1453 1456
1456 1459
1459 1462
1462 1465
1465 1468
1468 1471
1471 1474
1474 1477
1477 1480
1480 1483
1483 1486
1486 1489
1489 1492
1492 1495
1495 1498
1498 1501
1501 1504
1504 1507
1507 1510
1510 1513
1513 1516
1516 1519
1519 1522
1522 1525
1525 1528
1528 1531
1531 1534
1534 1537
1537 1540
1540 1543
1543 1546
1546 1549
1549 1552
1552 1555
1555 1558
1558 1561
1561 1564
1564 1567
1567 1570
1570 1573
1573 1576
1576 1579
1579 1582
1582 1585
1585 1588
1588 1591
1591 1594
1594 1597
1597 1600
1600 1603
1603 1606
1606 1609
1609 1612
1612 1615
1615 1618
1618 1621
1621 1624
1624 1627
1627 1630
1630 1633
1633 1636
1636 1639
1639 1642
1642 1645
1645 1648
1648 1651
1651 1654
1654 1657
1657 1660
1660 1663
1663 1666
1666 1669
1669 1672
1672 1675
1675 1678
1678 1681
1681 1684
1684 1687
1687 1690
1690 1693
1693 1696
1696 1699
1699 1702
1702 1705
1705 1708
1708 1711
1711 1714
1714 1717
1717 1720
1720 1723
1723 1726
1726 1729
1729 1732
1732 1735
1735 1738
1738 1741
1741 1744
1744 1747
1747 1750
1750 1753
1753 1756
1756 1759
1759 1762
1762 1765
1765 1768
1768 1771
1771 1774
1774 1777
1777 1780
1780 1783
1783 1786
1786 1789
1789 1792
1792 1795
1795 1798
1798 1801
1801 1804
1804 1807
1807 1810
1810 1813
1813 1816
1816 1819
1819 1822
1822 1825
1825 1828
1828 1831
1831 1834
1834 1837
1837 1840
1840 1843
1843 1846
1846 1849
1849 1852
1852 1855
1855 1858
1858 1861
1861 1864
1864 1867
1867 1870
1870 1873
1873 1876
1876 1879
1879 1882
1882 1885
1885 1888
1888 1891
1891 1894
1894 1897
1897 1900
1900 1903
1903 1906
1906 1909
1909 1912
1912 1915
1915 1918
1918 1921
1921 1924
1924 1927
1927 1930
1930 1933
1933 1936
1936 1939
1939 1942
1942 1945
1945 1948
1948 1951
1951 1954
1954 1957
1957 1960
1960 1963
1963 1966
1966 1969
1969 1972
1972 1975
1975 1978
1978 1981
1981 1984
1984 1987
1987 1990
1990 1993
1993 1996
1996 1999
1999 2002
2002 2005
2005 2008
2008 2011
2011 2014
2014 2017
2017 2020
2020 2023
2023 2026
2026 2029
2029 2032
2032 2035
2035 2038
2038 2041
2041 2044
2044 2047
2047 2050
2050 2053
2053 2056
2056 2059
2059 2062
2062 2065
2065 2068
2068 2071
2071 2074
2074 2077
2077 2080
2080 2083
2083 2086
2086 2089
2089 2092
2092 2095
2095 2098
2098 2101
2101 2104
2104 2107
2107 2110
2110 2113
2113 2116
2116 2119
2119 2122
2122 2125
2125 2128
2128 2131
2131 2134
2134 2137
2137 2140
2140 2143
2143 2146
2146 2149
2149 2152
2152 2155
2155 2158
2158 2161
2161 2164
2164 2167
2167 2170
2170 2173
2173 2176
2176 2179
2179 2182
2182 2185
2185 2188
2188 2191
2191 2194
2194 2197
2197 2200
2200 2203
2203 2206
2206 2209
2209 2212
2212 2215
2215 2218
2218 2221
2221 2224
2224 2227
2227 2230
2230 2233
2233 2236
2236 2239
2239 2242
2242 2245
2245 2248
2248 2251
2251 2254
2254 2257
2257 2260
2260 2263
2263 2266
2266 2269
2269 2272
2272 2275
2275 2278
2278 2281
2281 2284
2284 2287
2287 2290
2290 2293
2293 2296
2296 2299
2299 2302
2302 2305
2305 2308
2308 2311
2311 2314
2314 2317
2317 2320
2320 2323
2323 2326
2326 2329
2329 2332
2332 2335
2335 2338
2338 2341
2341 2344
2344 2347
2347 2350
2350 2353
2353 2356
2356 2359
2359 2362
2362 2365
2365 2368
2368 2371
2371 2374
2374 2377
2377 2380
2380 2383
2383 2386
2386 2389
2389 2392
2392 2395
2395 2398
2398 2401
2401 2404
2404 2407
2407 2410
2410 2413
2413 2416
2416 2419
2419 2422
2422 2425
2425 2428
2428 2431
2431 2434
2434 2437
2437 2440
2440 2443
2443 2446
2446 2449
2449 2452
2452 2455
2455 2458
2458 2461
2461 2464
2464 2467
2467 2470
2470 2473
2473 2476
2476 2479
2479 2482
2482 2485
2485 2488
2488 2491
2491 2494
2494 2497
2497 2500
2500 2503
2503 2506
2506 2509
2509 2512
2512 2515
2515 2518
2518 2521
2521 2524
2524 2527
2527 2530
2530 2533
2533 2536
2536 2539
2539 2542
2542 2545
2545 2548
2548 2551
2551 2554
2554 2557
2557 2560
2560 2563
2563 2566
2566 2569
2569 2572
2572 2575
2575 2578
2578 2581
2581 2584
2584 2587
2587 2590
2590 2593
2593 2596
2596 2599
2599 2602
2602 2605
2605 2608
2608 2611
2611 2614
2614 2617
2617 2620
2620 2623
2623 2626
2626 2629
2629 2632
2632 2635
2635 2638
2638 2641
2641 2644
2644 2647
2647 2650
2650 2653
2653 2656
2656 2659
2659 2662
2662 2665
2665 2668
2668 2671
2671 2674
2674 2677
2677 2680
2680 2683
2683 2686
2686 2689
2689 2692
2692 2695
2695 2698
2698 2701
2701 2704
2704 2707
2707 2710
2710 2713
2713 2716
2716 2719
2719 2722
2722 2725
2725 2728
2728 2731
2731 2734
2734 2737
2737 2740
2740 2743
2743 2746
2746 2749
2749 2752
2752 2755
2755 2758
2758 2761
2761 2764
2764 2767
2767 2770
2770 2773
2773 2776
2776 2779
2779 2782
2782 2785
2785 2788
2788 2791
2791 2794
2794 2797
2797 2800
2800 2803
2803 2806
2806 2809
2809 2812
2812 2815
2815 2818
2818 2821
2821 2824
2824 2827
2827 2830
2830 2833
2833 2836
2836 2839
2839 2842
2842 2845
2845 2848
2848 2851
2851 2854
2854 2857
2857 2860
2860 2863
2863 2866
2866 2869
2869 2872
2872 2875
2875 2878
2878 2881
2881 2884
2884 2887
2887 2890
2890 2893
2893 2896
2896 2899
2899 2902
2902 2905
2905 2908
2908 2911
2911 2914
2914 2917
2917 2920
2920 2923
2923 2926
2926 2929
2929 2932
2932 2935
2935 2938
2938 2941
2941 2944
2944 2947
2947 2950
2950 2953
2953 2956
2956 2959
2959 2962
2962 2965
2965 2968
2968 2971
2971 2974
2974 2977
2977 2980
2980 2983
2983 2986
2986 2989
2989 2992
2992 2995
2992 3600
