1000
2078 2750
469 1823
3413 3570
178 1828
1717 2360
1530 2061
2893 3554
2809 3400
450 531
747 2963
1821 2220
399 2628
1647 1832
1417 2868
3061 3200
1428 2733
3201 3267
3215 3510
1819 3021
2981 3035
1944 3505
2589 3055
3208 3215
3259 3324
2830 2839
1176 2220
2858 3358
409 1820
1073 1651
3137 3322
960 1558
378 1912
318 869
2728 3378
1692 2758
378 1583
2173 3161
3178 3479
3069 3397
1841 3583
2396 3234
1654 2171
2896 2960
1712 2066
2194 3364
2807 2948
3270 3359
2868 3517
1484 2229
1277 1583
3258 3600
1516 1820
174 356
2765 2911
3085 3259
2998 3500
2327 2645
992 1560
1420 2957
296 1495
2257 2372
1473 2033
146 2365
1067 2844
2738 2803
3110 3329
400 2179
3380 3387
425 1796
1274 2033
2704 2913
96 2360
29 504
1359 1556
2944 3496
3367 3507
2215 3247
1832 2354
1983 3527
3143 3398
1643 3409
974 3258
2832 2963
922 1366
2451 3208
2320 3428
2020 3389
443 3248
1808 2955
2650 2855
913 1131
1057 1296
2811 3416
1890 3317
492 1823
3371 3477
2391 2792
2483 3491
651 3347
3185 3291
305 3018
2114 3202
2625 3458
3527 3588
3511 3588
1137 2332
3299 3439
3106 3479
2539 2885
2008 2728
1134 2589
718 1967
1677 2489
3453 3600
462 1341
136 536
495 1081
2245 3483
1208 2181
3105 3557
3053 3187
248 3506
292 2359
3567 3579
3055 3424
1414 2316
2060 3146
3267 3349
38 2386
770 1862
1711 3066
420 2620
3157 3458
31 2845
3141 3568
2940 2948
1235 1322
52 501
2095 2367
2663 3020
299 2801
1292 2528
1763 2942
801 2043
2384 3028
606 2133
1630 3088
159 2782
2844 3015
256 3555
783 1980
3285 3595
1089 2456
2699 3126
1660 3343
3039 3077
1392 1516
3471 3540
2747 3202
3261 3291
1396 3308
3083 3190
1294 1941
2517 3283
2585 3276
1229 2266
673 3052
939 3379
651 2389
3252 3260
105 2324
3423 3430
1727 2114
205 2052
2271 3072
709 2016
2885 2914
1397 1811
2587 2654
3023 3251
1391 2926
3245 3416
718 3533
2980 3002
2527 2534
1984 2825
2779 3187
2433 3448
3407 3462
84 1099
808 2779
450 1895
139 2200
2578 2889
466 2916
3451 3513
957 1706
3074 3420
1984 3175
1348 2880
3390 3483
1847 2910
692 746
2628 3000
2471 3070
882 1913
2659 2695
2526 2799
635 3147
1076 1230
1809 3356
2111 3183
2327 2867
2745 3278
2344 3238
775 1362
2977 3358
256 2903
2456 2654
1625 3205
302 1032
159 1952
2143 2714
463 564
2493 3556
3032 3351
771 2783
924 1395
2281 3049
2962 3522
3314 3337
2311 3025
1065 2771
218 2556
2909 3091
3152 3164
3503 3592
876 1135
3453 3575
377 1810
2030 2713
505 2312
3257 3558
1452 2767
1499 2078
2115 2257
2856 3588
2210 3584
1699 3480
2146 3253
671 1415
2523 2940
2467 2767
1773 2033
290 2203
2971 3580
264 358
674 1409
1307 3541
1012 2951
2092 3133
2324 2478
355 2225
822 2059
2514 3304
1366 1629
2972 3298
2064 3584
88 3486
3311 3353
692 1528
1002 1191
1712 2205
30 3230
2954 3302
529 796
571 2213
1948 3483
2940 3191
1284 2612
1291 2663
3345 3356
2939 3600
806 1778
351 3082
1709 2959
1505 3249
1151 2302
3540 3575
940 3447
1377 2946
3493 3548
723 3258
1178 2061
164 2923
1071 1535
3416 3449
423 1233
929 1240
486 2451
51 3529
1475 1884
2362 2872
3077 3221
2113 2987
749 2102
1039 1232
142 247
788 2757
130 1753
2086 2634
1559 1852
321 2554
2961 3088
1516 2996
1683 3159
3098 3564
580 1201
490 700
3315 3399
2379 2941
1645 2249
3010 3110
732 1055
1411 2471
302 688
1216 2119
103 2386
2148 2169
1093 3070
1215 2687
2688 3226
1487 2379
1725 2728
2477 2513
132 1581
208 2402
226 1676
2716 3580
1721 3507
974 1357
2328 3071
2190 2604
2032 2739
199 2014
1859 2979
1454 3230
431 593
615 2195
471 3073
1901 3203
2653 2677
685 3095
33 2187
2990 3187
2233 2819
2082 2966
859 1731
1697 3439
2467 3576
721 1572
2463 3278
1673 2894
3420 3421
3355 3534
84 2178
2799 3269
2071 2155
1169 2726
2437 3065
3010 3513
76 3502
336 1912
3221 3379
1282 1729
329 3177
2814 3247
2482 3558
391 2514
1479 2448
898 2719
955 1965
2605 3584
2733 3229
682 2206
734 2236
945 2753
2642 3348
2801 3111
2466 2644
752 3021
1639 2923
1140 3222
1910 2914
1976 2950
3582 3596
3257 3473
2124 3200
2268 3075
2437 3541
285 2444
1347 1934
1437 1500
1664 1903
1805 3436
1122 3080
2478 2900
827 3243
3282 3326
2606 3228
1679 3462
86 277
2678 3457
2751 2761
1772 2066
2600 2658
3064 3261
2440 3303
3489 3506
1540 2975
2938 3587
3403 3458
127 1360
2892 3099
2520 2979
621 2301
887 1877
1088 1918
1221 2652
3215 3250
980 3536
603 1679
1715 3056
499 748
1003 1802
2451 3317
3006 3552
3215 3401
2886 2928
1247 2256
805 3359
1558 2043
1727 2764
2713 3135
2037 2713
1495 1844
96 2627
2615 2794
3446 3461
1720 2650
3457 3522
3095 3401
2827 3052
701 2128
1617 2072
2223 2980
2969 3001
2419 3438
1979 2658
2349 3458
3013 3077
2587 3276
1495 3130
3225 3494
3020 3106
494 1270
1917 2628
445 2682
2700 2999
1561 2311
2246 2284
1445 3188
3118 3277
1016 1899
101 486
219 1803
2762 3097
928 1650
1864 2018
302 3105
1051 3023
3313 3580
3538 3573
2417 3506
3208 3331
1661 1999
2467 3383
1774 2475
1674 2663
940 1317
860 1600
443 931
2269 3525
2583 2685
229 3162
969 2706
2833 3202
2552 3469
2745 3485
963 2471
52 3157
2512 2616
1282 1548
2809 3532
2629 3239
1132 3010
460 1028
2663 2958
1251 1258
2414 3261
2835 3031
1912 2134
2370 2965
393 2848
1386 3031
3020 3419
380 2614
2261 2681
1772 2676
170 1142
772 3264
2595 3446
1182 1503
2266 3346
1609 2260
3065 3165
1920 2930
2913 3595
1394 3417
2205 3141
214 611
3370 3417
2711 3529
560 2404
2654 3558
836 2800
1186 2764
2964 3021
642 2829
3106 3550
167 1059
3095 3554
2253 2942
1930 3148
419 2874
1979 2427
1314 3440
3132 3574
2084 2802
460 1692
3576 3577
2870 3455
1128 3499
1834 3363
1320 2901
3173 3205
3064 3189
1880 3350
3381 3436
916 2110
3498 3560
2739 2786
2948 3304
3541 3577
668 3490
1723 2056
850 1396
110 2391
1531 1982
2052 2761
2437 3278
2644 3586
3445 3520
1922 3098
1134 1667
1732 3182
437 1020
549 2369
2294 3364
370 3506
44 574
2759 3148
1391 2429
1176 2051
367 2931
478 1565
1253 3191
3010 3070
446 3399
3478 3534
2475 3463
70 573
1633 2538
2698 2962
3014 3437
1594 3150
3465 3552
2257 2509
1928 2627
3331 3459
3062 3538
651 2616
2484 3282
967 1076
3298 3390
1967 2083
3511 3542
1485 2355
1809 2301
175 3374
1955 3408
3434 3502
3580 3593
3077 3359
1078 1861
3355 3546
1322 1769
408 3063
2372 3268
2288 3063
3276 3321
643 904
2693 3353
283 409
1016 3044
430 2002
533 2879
1192 3066
1508 3591
1573 2010
1782 2841
2279 2285
38 3224
2462 3409
3215 3522
32 2396
959 3412
2479 2795
1108 1339
2859 2899
2373 3047
1495 1512
2705 3446
2571 3427
814 1851
2352 2661
1024 2200
405 2639
2871 3093
2625 3012
3170 3369
929 1321
2485 2521
2486 3574
1723 3382
1269 1683
586 2396
1707 3077
157 1838
2209 3311
375 1465
2719 2854
297 2358
1614 3217
1544 3561
1206 2319
3298 3483
796 1216
1096 2643
1329 3001
579 2356
1620 3018
915 2488
1912 2041
3157 3237
347 646
3388 3436
484 2102
895 3289
1558 2888
1890 3035
1858 2985
452 1911
2924 3030
640 3006
2672 3428
1555 2330
688 1800
2323 2750
999 3176
1426 2202
117 2536
3566 3578
3204 3398
1852 3123
1605 3038
3078 3500
883 1772
1669 1987
3384 3390
2764 3117
2680 3112
1453 3366
1494 1885
672 3071
361 1042
2993 3065
1617 3252
232 566
2124 2821
1535 2665
1379 3511
2744 3567
97 2586
773 1235
2274 3212
1489 3560
2560 3055
3026 3524
575 2552
1253 2508
1350 1997
3319 3358
2757 2933
3341 3370
340 2829
3315 3422
1442 3078
2285 2627
2425 3336
3324 3348
1299 3472
758 3009
1612 3497
2619 3430
3035 3093
1428 2974
70 3498
2057 3323
3003 3255
2412 3561
1378 1410
3367 3592
139 2788
1816 3085
663 2421
1967 2927
1907 2201
527 1657
2062 2937
1259 2901
2570 2908
587 1616
2986 3457
1019 3147
2746 3170
1286 1525
263 2002
1649 3540
2258 3273
1270 1765
559 3087
3189 3439
1515 2404
1537 3345
1566 3119
626 1033
187 2125
1480 2647
3009 3491
268 3200
634 1965
1832 2186
1759 3105
3203 3491
2499 3292
1644 2771
3263 3414
1076 2631
3253 3466
3059 3411
114 476
907 1726
451 3473
2628 3389
3190 3277
2016 2817
2 1945
274 820
2881 3307
1331 1912
3503 3540
391 2191
3360 3389
2648 2902
3234 3260
3384 3493
1344 2196
2802 3404
1382 2873
808 1341
278 1729
349 1168
1376 1728
1194 1682
3252 3322
742 3432
205 2825
1025 1993
1754 2352
2131 2691
1332 2832
3040 3110
63 678
24 1182
3225 3360
1570 3165
1960 3600
2936 2953
846 3501
2298 3565
2208 2609
1958 2344
3326 3434
682 789
3057 3262
1172 3162
3033 3330
1770 2287
2008 3140
93 1875
931 2783
689 3144
2734 3451
932 1889
3308 3567
3231 3373
1823 2015
2633 3414
972 3137
1334 2820
1681 1894
2275 3442
1423 2995
2514 2770
1392 2145
3369 3511
2575 2686
3520 3551
2388 3245
842 3036
2387 3472
2317 3046
366 1950
463 574
2971 3214
2824 2853
3456 3516
3223 3464
1945 2413
3015 3030
297 877
365 561
1546 3132
2887 3158
3042 3478
1584 3430
2507 3460
743 2685
2708 3507
2516 3136
3004 3398
2284 3465
3240 3348
3291 3308
3196 3495
475 3422
1042 3121
1071 3290
3030 3569
2076 3305
3239 3444
2605 3117
1417 3591
572 2531
106 1799
1757 2259
1229 3078
1522 1745
652 1347
1607 2182
2224 3539
2047 3096
1227 2493
560 1490
2628 3193
585 1420
1000 1191
2718 3406
2090 3531
1247 3315
1930 2806
859 1048
1750 3432
2334 2992
1899 3393
1804 3217
728 940
2943 3169
1673 3001
916 3382
843 3461
1272 3108
243 3532
2564 2670
2832 3541
81 1272
1521 3396
3475 3547
1626 2190
2074 3050
1702 1719
449 1629
2433 3568
2689 3408
1599 2371
359 1685
3410 3433
2589 2706
2022 3587
690 948
70 583
1570 1592
16 1718
1262 1861
1958 2828
1568 2813
1919 1925
3547 3578
2866 3573
1259 2495
1794 3258
2460 2565
2403 3365
810 3038
1307 2346
384 2882
1424 3139
2120 2922
1703 3509
3083 3498
1424 2956
1178 1938
1373 3474
3248 3424
2913 3190
656 2356
1679 2581
1864 1899
2022 2181
3211 3372
2478 3057
3011 3102
1102 1956
896 2743
3218 3580
1171 2701
3335 3507
2690 3251
1778 2127
51 1882
1550 1560
503 1688
1280 2960
2015 2488
3345 3593
2183 3227
1623 2519
1679 3233
2278 2558
1083 1304
1258 2732
1243 1398
2060 2746
3157 3560
975 3359
3235 3457
2220 2539
459 3366
1658 2292
3202 3412
502 1536
2779 3176
3380 3579
3154 3221
2585 3099
2258 3559
1197 2791
3141 3391
2138 3076
