1000
1938 3163
989 2478
2733 3167
1896 3028
1127 1657
2747 3596
3512 3590
1746 1956
419 821
596 620
2337 2511
286 2069
3302 3363
1624 1652
3273 3497
1913 2149
3460 3475
2366 3504
1810 3545
1988 2374
327 787
2091 2739
1101 2315
770 811
2660 3399
3456 3558
397 899
1859 3218
1107 1836
495 871
3306 3367
1543 3125
14 3499
464 1873
2876 3470
2217 3401
1893 2119
1747 2143
97 3010
2819 3296
2188 2580
3306 3545
1969 2751
989 3116
3354 3439
3008 3077
2196 3093
931 2937
2318 2907
2339 2377
2153 2526
3102 3169
817 1722
896 3364
2920 3108
2824 2989
1942 3518
3246 3485
2401 3267
1692 2928
424 3142
3519 3547
357 1342
3136 3476
3303 3404
3421 3516
1136 1501
3358 3429
574 1701
2021 3300
3522 3586
554 877
2928 3514
480 3282
3589 3597
2188 2450
2426 3235
2186 3316
415 2395
1010 2079
1902 2600
278 603
2907 2926
3296 3434
690 2768
1679 2109
2115 2415
781 1522
2435 2644
1477 2955
2586 2776
1989 2311
3229 3236
2499 3564
602 3230
2914 3123
2645 3268
247 422
2380 3356
2890 3024
813 3136
1987 2744
2355 2401
2675 3143
2334 3143
1918 2463
2522 3507
1037 3521
2788 3225
1348 2051
1750 1765
599 1508
2159 2625
1051 1689
2693 3319
2314 2907
463 2092
1138 1881
1774 3361
2313 3587
2670 2904
133 154
2843 2892
2048 2704
3010 3529
126 387
1514 3126
1107 2270
723 1744
165 2352
1652 3544
2475 3068
2333 3518
3238 3309
2979 3300
168 2811
886 2744
1946 2429
3375 3545
465 2547
2094 2806
346 3600
1316 2199
2834 2848
1917 3477
1008 2146
1031 2695
3141 3561
2648 3428
2176 3341
3034 3190
2382 2817
950 3279
2354 2909
275 2071
2664 3250
3411 3576
1530 3019
2768 2862
2319 2701
2068 3304
2959 2960
1514 1795
1168 2068
831 1146
895 2581
393 1548
3337 3594
2309 3360
1222 2737
464 3391
3258 3516
2448 3509
555 2495
257 2331
1006 1799
906 1036
977 3306
2017 2628
1288 1393
1042 2238
1417 1534
1012 1768
1931 2613
1551 3254
610 2536
2591 3175
2290 3483
608 1167
513 2557
425 1395
2344 3180
1037 2807
2904 3215
171 2879
3359 3385
1927 3554
952 3220
1483 3184
965 1960
1589 1900
1449 2245
995 3153
3077 3344
1290 3141
773 1287
1509 3554
2198 3085
1143 2699
3057 3338
399 3489
831 2176
392 736
3570 3579
219 3549
462 1972
1662 1941
694 798
356 3064
3413 3595
161 902
1665 2173
2008 2144
1673 2040
2822 2999
2769 3214
3098 3595
1101 2511
935 2719
2822 2920
1159 2974
2116 3386
749 824
1031 3360
2981 3443
207 1332
3334 3479
3116 3595
1287 3582
3197 3257
623 2257
2884 3346
1518 1548
1068 1843
3360 3411
2761 2966
2727 3069
2045 3214
487 3010
2885 2891
1376 1413
1314 2335
516 979
2005 2932
3076 3463
618 838
3121 3502
2125 2340
2191 3595
2645 3314
3483 3571
327 1553
3083 3211
1639 2221
2904 3006
1742 2267
2321 3338
942 1909
1343 2450
194 3058
102 1465
918 2108
2618 3032
3414 3560
1788 3029
616 1625
3418 3474
3435 3495
2467 3060
328 1588
703 2047
1603 2295
3431 3447
2263 2749
1045 2025
1145 1818
1573 1817
3522 3556
659 3530
104 3393
501 1060
3272 3424
1664 2004
677 1119
133 3394
3359 3398
1381 1677
3014 3281
3060 3350
1539 2658
1590 3495
805 2094
300 3181
2906 3587
2369 2619
2560 3383
2882 3283
645 1149
43 1337
2534 3471
633 2354
2917 2967
55 1047
2378 3587
2312 2478
2774 2903
2154 3184
2617 3458
3459 3460
1718 3329
485 541
3402 3459
1214 2083
2618 3120
75 3128
3338 3401
245 991
1874 2210
539 3168
2569 3115
122 3522
3154 3411
874 2726
3034 3433
3247 3468
2114 2425
135 935
2652 3047
3421 3516
911 2691
3223 3485
2508 2670
2457 3312
2074 2417
586 656
2247 3212
1938 3282
440 3453
2277 3267
2698 3263
2932 3330
1208 3012
586 1604
1873 3315
236 482
3055 3362
1738 2094
1632 2180
1049 2247
3591 3598
301 1393
648 2168
2344 2617
604 2686
2867 3242
2945 2977
67 1699
2723 2798
1871 2670
212 876
2933 2997
1118 3051
782 1398
1667 3396
2009 2721
1771 2456
3050 3570
102 169
1811 2635
1968 2520
3161 3564
1582 2941
171 2524
3034 3205
854 3029
549 827
2066 3169
411 3006
2723 3357
2984 3149
2042 2588
2595 3000
2726 3305
1590 3308
1708 3559
2016 2998
424 2688
50 1948
3456 3517
942 2985
1882 2452
50 949
1463 3573
1501 2805
3596 3598
23 1293
1192 2483
986 2177
868 3362
1255 3233
1687 3126
2998 3430
1575 1699
163 2859
1684 2182
446 2146
1748 3013
3067 3412
2861 3047
2102 3513
1005 2081
3200 3398
296 2508
2515 3527
2316 3332
2045 2806
899 1422
3571 3593
892 3543
2209 3066
391 2441
1696 1788
2303 2750
55 1528
1284 1803
2727 2837
3435 3513
39 2931
2066 2135
3200 3535
181 3477
2242 2375
3089 3428
2706 2789
1499 3051
2111 2293
3123 3131
3181 3381
3274 3462
1696 2079
99 176
1552 1615
2302 2844
2818 3576
1601 2824
3455 3476
463 1159
2015 2541
3462 3473
2239 3224
742 3097
2403 3452
2861 2968
1244 1460
774 1321
1798 3174
2915 3173
2711 3358
2397 2833
1539 1648
3499 3525
485 1501
1796 1998
2220 2679
1079 2490
2172 2242
3513 3577
1238 1937
2112 2308
13 742
975 1564
2063 3432
2617 3459
1061 2266
2256 3577
117 1984
1450 3503
823 2061
1407 3600
457 1114
2206 3068
3459 3563
4 3491
445 3180
2733 3168
3307 3546
574 3020
2303 3515
2098 2133
158 249
3420 3516
1214 3190
29 3271
69 1411
3384 3479
3075 3093
3155 3348
2413 3117
3185 3296
3581 3590
1621 3224
3482 3570
3363 3568
1786 2904
254 1533
920 3156
1371 2645
498 2752
3324 3472
1990 3021
1094 3408
3403 3495
2704 2825
2113 3562
3379 3397
2063 2799
2839 3586
3595 3598
3284 3422
16 1683
2030 2127
1917 3159
3070 3256
1202 2499
2135 2368
607 2267
210 2841
2182 2773
1778 2307
3508 3542
1094 2204
2109 2122
317 1499
2088 2322
2190 3305
1844 3001
2192 2738
421 1785
2577 3054
9 2139
3120 3497
3493 3495
178 3202
1797 2095
1923 3449
2666 3267
2828 2972
2503 3583
2432 3344
2299 3108
2247 2876
794 1282
3457 3558
1654 2599
1143 2348
1850 2915
1431 1519
3146 3598
2970 3286
2717 3233
1352 1688
2616 3174
1263 1982
2879 3559
1663 1760
3021 3347
426 3328
302 2144
3334 3563
1021 3438
2771 3227
3446 3511
166 1123
1363 1519
2640 3233
2734 3519
3320 3591
125 3484
3270 3335
230 1856
2887 3436
3547 3548
1770 2020
1900 2705
1357 3550
686 979
1344 2789
282 3489
2677 3372
2950 3518
430 2946
1261 1679
235 1413
1133 3240
3543 3591
3142 3341
2918 3585
1695 3234
1643 1889
1744 2634
2068 2124
3529 3575
2963 2991
474 3023
1009 1676
2061 3006
1062 1254
1589 3522
262 2955
355 1791
1541 3081
2188 3408
443 2216
1947 2670
3031 3410
1488 3228
2523 3534
464 2527
781 2360
1383 1679
2667 2827
2382 3244
2319 3455
1427 1460
550 2885
1939 2388
2735 3185
2951 3018
3562 3564
1666 2150
3295 3377
45 3396
2875 3187
2408 3594
3351 3508
1000 1820
2788 3367
2548 3120
1210 2708
3241 3583
3213 3426
253 3153
1259 1453
1928 2934
1959 2807
1671 2258
1452 1601
3024 3464
529 1293
3536 3593
328 2753
2699 3131
1775 1849
176 1786
327 1234
1146 2018
549 1848
2290 3441
2060 2631
485 1555
2516 3237
2074 2147
3024 3243
2999 3337
1635 3364
2986 3599
1328 1366
632 1656
2885 3589
2489 3246
3377 3456
3154 3487
2491 2938
3190 3222
766 1177
1370 3095
1384 2605
1106 2670
3247 3249
2666 3125
1745 1993
2398 3003
3290 3564
2577 2889
2991 3247
492 1370
3406 3571
551 2129
194 3163
3248 3537
218 1459
2546 3569
1919 2208
715 2194
3310 3465
1152 2896
138 2026
81 2394
1286 1426
708 1414
3277 3388
1750 3336
399 1469
932 2446
1596 2049
706 2789
2655 2848
1720 2767
3305 3492
844 1168
522 2625
2774 3561
251 2935
3241 3444
1915 2945
519 877
701 2357
2980 3301
123 413
1694 3000
2797 3395
2685 3315
1204 2103
1130 2122
1546 2985
2228 2301
1426 3464
2728 2967
3411 3412
1519 3048
1870 2919
1622 2475
3460 3503
2824 3024
3219 3449
7 1586
1622 3481
2572 2900
1802 3141
2888 3181
3132 3586
968 1095
1224 2922
1788 2356
770 2151
1913 2563
898 3352
3517 3592
90 1302
2646 3418
1964 2150
1277 3425
2801 3312
2813 3524
2255 2815
3504 3532
1923 2168
1049 1967
2874 3593
582 1401
850 1696
1837 1901
1582 1821
811 1413
48 3138
533 883
814 1381
1998 2518
1211 3213
171 1638
1618 3353
2709 3387
2853 2869
2240 2688
1301 1760
1323 2593
21 2332
3051 3152
3219 3276
2428 2468
2023 2437
831 3585
324 2127
2005 3463
2346 3047
2458 2553
556 1016
2209 3075
878 1838
1088 2340
1127 2821
730 2719
277 3534
1903 2887
2348 2816
2316 2717
1997 2693
2761 3189
681 721
3008 3444
2495 2502
847 2474
2586 2793
2013 2691
2209 3494
1196 1349
217 1059
36 2187
3164 3585
3143 3294
975 1612
1837 2203
3310 3361
845 2285
469 2237
875 3217
1272 2204
719 731
331 336
2027 2751
1386 2594
1429 2161
701 2183
1250 3317
862 1292
1331 2088
956 3209
362 763
1622 2050
2114 2688
613 1913
607 1367
265 1610
448 3397
3211 3576
2289 2943
1250 1472
1753 3484
2641 2907
522 2550
2100 3054
892 1273
3325 3382
2026 3528
766 2042
3439 3496
2683 2890
1569 3417
2829 3370
2696 2762
2797 3429
1742 2919
2561 2993
1552 2499
1202 1789
1505 1723
3079 3539
1910 2385
1956 2666
3303 3578
878 1841
3253 3448
1893 3322
2061 2914
1545 2215
2715 3578
847 1080
342 1139
3505 3540
562 2291
3120 3380
3562 3594
2769 3236
955 2018
1362 3576
2999 3218
2953 3311
505 2614
2179 2425
673 768
2027 3402
2771 3512
3398 3458
1835 2392
560 1391
2716 2793
1921 3448
1832 2491
103 3372
519 3290
2598 3549
2857 3597
875 3338
654 2665
2328 2864
1483 1691
268 1571
2783 2999
167 2464
1674 1880
872 3375
808 2515
2621 2821
3036 3577
131 1131
590 1503
2626 2974
2986 3600
3210 3221
2108 2763
1368 2656
998 1049
645 1374
6 3159
3104 3122
1540 2417
775 3026
3170 3577
3292 3364
1673 1843
1715 2189
857 2461
1262 2458
643 1952
3036 3184
1115 1582
1894 2350
744 2876
599 2644
2503 3146
735 759
3231 3544
1095 2900
3211 3532
113 686
2515 3461
3547 3549
1721 3330
2768 3149
1234 2991
3419 3473
2160 2434
2767 3567
3404 3415
1958 3501
3469 3485
1903 2788
2509 2542
606 3031
2090 2582
2557 2740
851 1127
3530 3596
2018 2535
3241 3303
454 1652
306 2199
326 626
222 3534
2839 3366
2439 3517
3178 3373
3265 3495
2893 3499
2512 3145
2895 3217
1541 1891
2277 2928
1023 1948
2473 2673
2253 2314
2030 2170
245 2209
1185 1810
791 1160
952 1175
589 1304
3125 3430
922 3207
3277 3291
2106 3039
455 2601
1023 1024
2575 3549
1732 1958
167 1610
2680 3078
2097 2970
2858 3175
1697 2645
