1000
1829 3384
1652 2047
3015 3075
331 3059
381 2599
681 2280
3487 3520
2618 2847
2372 3445
2599 2883
502 875
1183 3462
588 2420
2623 2993
1737 3199
3250 3517
3087 3212
33 3491
3432 3477
1040 1606
178 2074
1219 3552
2113 2525
898 2152
1418 1832
1505 2646
3083 3571
3559 3598
1223 2483
118 568
1702 3536
2079 2450
1072 2209
2843 3280
781 1120
2173 2334
1157 2341
1024 2903
2782 3233
2459 2574
971 2947
1672 3279
1357 1634
2429 3394
3367 3417
246 1006
2317 2597
963 2731
3590 3599
1749 3124
2394 3257
882 1663
115 569
2374 2609
2133 2727
2650 2957
3503 3521
1863 2294
659 1569
2145 3179
3240 3344
2951 3085
269 1061
50 2162
3273 3519
2934 3292
2122 2347
1171 1603
1274 3567
687 1794
3084 3211
2064 3516
2365 3310
2551 3394
2923 3205
906 2413
1792 2050
2825 2862
572 1133
624 1798
2979 3469
1464 1926
174 2493
2043 2890
886 1795
408 851
3524 3525
2509 3092
255 2871
17 3197
1709 2078
1295 2078
333 555
1115 2003
852 1177
3054 3515
850 3569
37 2750
2706 3411
1626 3491
2267 3188
3114 3452
2811 3147
33 2773
1788 3475
1797 3339
2878 3295
2551 2760
1917 2028
2420 3562
959 2245
2153 3231
1944 3000
1986 2454
2575 3263
2947 3019
1199 2889
2586 3073
37 3444
2628 3122
973 3227
875 877
3070 3149
2614 3428
1797 1825
2461 2522
3308 3323
2870 3424
661 904
1856 3574
421 1278
2783 2840
2817 3030
334 1754
3540 3555
2984 3491
2092 2520
1165 1381
1990 2101
406 1402
766 1830
1248 2156
2186 2817
1280 2928
926 2511
1636 3416
2643 2837
1271 3114
1741 3292
2172 3375
2024 2037
2596 3037
120 274
383 1672
2245 2851
1449 2365
2809 3125
3487 3587
2367 3029
3395 3545
2607 3368
2945 3333
555 1300
1815 1938
526 2196
379 2410
1096 2800
2219 3152
1440 3323
2478 2835
3392 3496
3098 3429
2177 2692
3149 3467
2456 2753
3390 3436
3528 3545
1417 3036
1657 3097
1932 3432
2772 3012
286 3111
2742 3472
636 1976
1507 3246
3421 3562
2594 3550
3054 3462
608 2204
419 577
1100 1463
2831 3558
1250 3001
3415 3573
2185 2401
642 3487
2363 2665
3530 3587
2585 3250
1241 1828
1985 2248
97 1971
2285 3269
454 1530
458 1525
661 2898
2988 3581
890 3491
2444 2911
1849 2196
1606 2682
3444 3470
1724 2339
179 1090
2245 3341
2258 2296
1634 1874
3514 3544
2962 3030
2364 2546
3147 3206
531 3488
1221 2884
629 3101
1280 2191
3000 3239
3273 3541
711 1882
1770 1912
411 3316
1463 1927
2951 3083
3329 3406
2569 3011
1538 2267
1664 3038
2663 3556
1076 1606
2770 3046
3103 3481
3335 3384
1640 2442
899 2879
2710 3242
3242 3434
1389 3532
495 1153
2508 3205
1910 3400
1219 2634
1115 3422
86 2442
3384 3395
3216 3467
2020 2940
2156 2740
774 2537
3068 3294
1699 2929
2646 2747
4 581
752 1492
3080 3301
1779 2033
289 2346
1239 1248
587 1779
3488 3524
791 1817
2925 3539
1375 2684
2871 3273
3581 3593
2126 2491
2822 3351
2174 2556
760 2047
1630 2544
1738 3023
783 1714
1113 2443
2585 3426
1651 1840
2071 2766
1129 3571
806 2795
333 2821
2957 3192
721 1589
1994 2994
959 3234
1922 2881
1799 2366
265 379
1667 2770
1966 3099
2223 2318
880 2355
1728 2968
1869 2205
2651 3425
2817 3361
1057 3310
2450 2881
1961 2514
26 2199
3317 3387
2944 3086
205 282
1455 3478
3410 3414
1052 2882
1828 3389
611 3291
3187 3539
1117 1600
3461 3551
3526 3543
1660 1677
1001 1057
1525 2805
1245 2278
2127 3174
1911 3247
2103 2738
3357 3489
643 3266
2250 2472
1046 2429
1579 2897
895 3452
2024 2973
3030 3422
3578 3587
3479 3483
3015 3115
1158 2732
1799 3542
403 817
323 3178
933 1558
3572 3593
2794 3235
3200 3442
636 868
27 3557
276 948
1439 2476
3154 3257
3549 3570
1549 2532
2742 2815
2777 3285
698 2327
2956 2998
1239 3488
2157 2541
1017 1677
2585 3023
1593 1747
1797 3412
1153 2515
2823 3270
931 3588
3163 3428
2868 3525
2149 2557
2972 3319
2104 2303
2811 3426
2147 2871
901 2893
813 2669
2057 3300
2536 2979
3020 3146
3574 3595
1110 1950
1471 3514
3479 3536
1226 2728
1298 2228
1158 2362
253 1347
2645 3262
274 3202
2666 2774
1050 2430
2245 3438
3278 3558
2309 3108
2970 3056
728 3273
3384 3512
2522 3451
1537 1554
1563 3396
2675 2974
1811 1890
687 2562
697 3403
353 3059
440 2844
2395 3189
910 1726
2171 3556
3075 3418
206 3351
2022 2732
1555 3002
1559 2858
2996 3495
633 3599
548 1381
3304 3428
2452 3542
501 2660
2916 3226
609 1946
1931 2649
2936 3264
3043 3280
1197 2367
920 3052
1545 2318
1620 3157
272 713
930 2466
2240 2919
3349 3590
1866 3455
1497 2993
560 1934
1612 1826
1677 3188
145 3046
3199 3233
881 3230
1143 1235
2319 2852
3429 3571
496 2646
508 2611
1007 2320
2057 2299
244 440
1262 2210
994 1633
1706 1741
448 728
1702 2358
1853 2614
2934 3005
1249 2068
936 1138
621 1234
2212 2758
18 2343
848 1234
1020 3026
86 1335
1532 3513
2157 3424
1475 3367
684 2428
1103 2558
2516 3157
2840 3564
2091 2415
632 732
1515 2522
2944 3056
675 2340
2000 2724
2292 2749
3580 3599
2589 3556
126 3431
3190 3384
2466 3568
2676 2827
966 1952
2926 3507
900 1470
2600 2933
2748 3048
1090 1625
3395 3402
3359 3583
2441 3289
3119 3178
829 1614
2238 2502
711 786
861 1489
1256 2218
3147 3481
3434 3585
732 2307
2195 3389
1419 1595
3000 3110
1740 2076
3427 3553
2894 3256
2702 3031
2995 3232
2826 2966
2791 2806
3462 3503
3115 3526
2741 3470
796 1797
3440 3530
2462 3281
414 424
1684 1703
1943 3023
1762 1893
476 2401
2343 2403
2622 2729
2262 2462
3372 3486
1786 2687
657 3145
1809 2344
2268 3578
678 3229
534 3332
1600 2949
1726 3317
3515 3532
1413 2965
144 594
2733 3124
619 2154
626 3230
2757 3280
2638 2952
1936 3168
3301 3389
550 3172
1903 3598
2381 2697
2673 3423
2538 2691
1970 2906
2773 3412
3282 3422
824 3328
957 2493
2475 2761
1781 2986
285 1248
32 2286
1571 1716
671 1296
854 3517
2502 2622
3315 3511
1921 3414
1527 2742
258 2604
1979 3252
2770 3225
3412 3484
2552 3136
14 322
2224 3100
705 862
825 2803
1141 1766
798 1814
2374 3529
3534 3590
428 2385
3495 3576
3204 3338
2656 3488
1998 3178
787 2535
1106 3518
3249 3595
3225 3501
3324 3367
2433 2708
1759 3283
349 949
1121 1881
562 1383
1213 1429
368 2357
2098 2459
3165 3210
1555 2494
2133 3071
2525 2643
386 2056
2665 3477
2352 3062
3094 3467
2091 3325
3064 3081
1267 1282
716 3235
3546 3584
1972 2231
1341 2280
2190 2557
777 2100
1622 2839
792 852
854 1910
1026 2204
3094 3278
613 1869
2869 3459
2146 2858
3448 3590
1223 2221
795 2677
797 851
3387 3511
2390 3160
1349 2067
427 486
782 3316
2670 3069
702 942
3460 3478
932 1966
1937 2190
2329 2780
838 3260
2201 2449
1894 2083
1535 1654
1316 3304
2286 2536
1604 2376
1578 3250
2158 2163
2403 2928
2301 2464
3229 3415
2454 2746
2634 2837
2666 2844
2331 3173
2692 2797
1119 2302
3081 3093
1134 3280
3129 3277
1960 2695
2607 3450
3165 3416
603 3596
1545 2695
3378 3598
1465 1850
40 2372
1328 2836
166 2771
1764 3416
144 148
1301 2557
1937 2219
1479 1673
2255 2925
1753 2478
2530 3091
1579 3487
1591 3512
2438 2584
2604 2829
1905 2795
1859 2547
903 3020
1598 2064
3189 3499
1950 2991
3272 3553
3326 3522
59 2755
990 1415
1548 3198
1434 3384
2207 2354
956 3570
2698 3195
3253 3436
1757 1959
3390 3553
2691 2991
880 1881
2282 2709
2322 3447
574 2477
2257 2607
2334 3523
1597 2691
1473 3076
1713 3030
761 1436
277 3520
1782 3136
16 2516
596 1467
904 2232
3098 3405
1119 3254
2918 3208
2039 3587
1042 2053
3278 3543
2248 2621
1962 2948
2612 2664
2953 3109
1049 1902
1537 1641
2314 2930
1923 2234
3263 3400
1749 3276
2915 2981
2846 3547
1861 3354
1279 1891
1133 1526
983 2023
537 2473
2655 3472
1325 3510
1227 2778
792 837
758 891
2622 3371
3472 3502
213 2357
3351 3509
41 602
67 3310
3034 3051
3110 3548
607 2828
349 832
1743 1860
3446 3511
566 1586
146 1767
2142 3442
1920 1997
1891 3384
905 3592
2565 3274
2689 3235
1557 2541
2812 3272
3254 3299
1559 3003
1120 3509
559 2262
465 3233
635 1584
2535 3279
693 2626
3590 3596
545 1579
3557 3577
2290 2455
1259 2526
3432 3561
3288 3358
208 2447
2423 2896
1508 3288
2827 3555
1110 1606
777 1564
2628 2881
831 3435
3541 3556
3391 3571
1855 3170
1936 2818
575 2023
228 1877
1564 1609
1357 1605
1163 3203
1843 3166
2028 2671
291 2225
2667 3475
3188 3281
3532 3560
2474 2690
392 3370
359 2114
1166 2736
1096 2063
195 1393
1302 2906
3145 3362
1835 3214
295 2274
2532 2684
300 1024
1014 2589
291 1579
2120 2624
173 3287
2848 3142
2411 3555
1965 3219
1054 1162
1720 3090
2690 3385
2160 2237
3137 3500
2096 2377
3225 3579
1308 1443
3003 3533
350 697
1228 1835
1821 2720
2616 2822
270 438
676 2168
1405 1474
1 3478
1284 3352
3 1259
1327 1614
2992 3137
2125 3444
2756 3454
848 3441
3211 3566
1006 1920
68 753
544 685
297 3164
511 1019
2202 2378
161 224
3346 3472
1294 1723
442 3317
1194 2380
3502 3514
1605 2089
1456 2406
1218 1354
51 553
1058 1940
605 3140
1107 2323
1569 3375
2932 3412
1839 3085
1526 2239
91 1616
3240 3414
2898 3049
3120 3521
3306 3478
1859 2774
2730 3130
534 1300
6 1399
1204 1484
1499 2014
2570 2791
3082 3251
1543 3594
548 3218
2059 3315
593 2966
324 3241
1686 2060
2692 2989
970 1164
858 2620
2333 2977
1186 1512
1289 3438
407 642
1102 1996
560 1897
431 1720
1058 1538
724 1738
3522 3568
3121 3413
361 1793
92 1403
903 2297
3157 3209
3067 3218
1458 2905
1686 2406
2197 2422
1087 2554
622 1630
2188 2198
2902 2919
3089 3551
1067 2817
3247 3355
2410 3180
2851 2936
3063 3213
1021 2030
220 521
1967 3425
3046 3572
3577 3592
1298 2089
495 3098
1015 1669
429 2796
1481 2434
3095 3316
2082 2179
593 599
2751 3037
1699 3331
1903 1954
2291 2612
2360 3211
2953 3496
2615 3358
2602 3440
2298 2346
3289 3360
484 3147
30 2236
37 3399
2818 2992
571 2780
1315 2246
1559 2133
241 2031
1286 3495
1985 3415
646 2723
158 2464
2572 3557
1878 2697
562 3350
135 1092
1686 2498
2164 3140
746 1955
2146 2977
3097 3115
193 706
1180 3507
919 1326
1271 1757
817 2271
2547 3316
731 3271
2040 3210
1094 3469
577 2151
2800 3064
3299 3418
2290 3116
1050 2187
1763 2102
2601 2695
1604 1990
695 3346
1800 1967
131 3425
3035 3251
3593 3600
2502 3472
1928 1973
187 443
3129 3570
320 3549
3504 3539
2426 2925
1750 2290
654 878
1698 3387
933 1551
3085 3594
3511 3588
1750 3199
599 1077
1417 1705
2080 3218
