100
127 2457
2146 3128
1012 1611
625 873
1754 3165
1991 2750
3186 3405
2985 3162
2606 3246
287 1112
958 1356
2043 3371
391 2775
962 3040
2109 2139
1478 2833
198 707
1115 1437
1331 2915
2685 2771
2648 3213
1559 1638
2985 3060
3580 3592
375 2968
1149 2985
3120 3546
2562 2798
1375 2102
337 503
666 1364
2120 3457
144 1956
379 1218
3279 3507
112 3112
3293 3327
2018 2795
1768 2679
221 3228
1418 2904
1782 2503
2868 3185
2 1398
2573 3316
3279 3406
458 2880
2407 2794
3338 3488
381 1015
1404 3375
48 2586
1318 2794
2928 3151
3217 3402
2686 2970
2824 3061
1126 2961
765 3026
1887 3463
2523 3151
1281 3177
2517 3065
1888 3360
2027 3179
3576 3600
1915 3423
81 919
396 886
1024 2270
1710 2233
201 837
131 381
2179 2816
3511 3535
2538 3353
1185 3550
967 1795
3059 3139
662 2242
1525 3315
470 3171
3416 3464
2226 2967
1864 3107
2977 3173
1664 2955
62 3490
2809 2967
995 2341
1860 3594
706 2711
2904 3379
2301 2710
929 3463
3003 3379
2754 3544
1447 2640
2329 2996
1086 2526
